142
573
792
713
368
-117
-564
-802
-731
-381
106
541
765
694
354
-129
-575
-810
-734
-378
117
559
785
713
372
-107
-543
-770
-694
-342
144
578
802
733
396
-85
-524
-756
-684
-333
158
595
818
746
398
-93
-541
-777
-704
-349
143
580
797
719
372
-116
-562
-798
-724
-373
112
544
759
684
338
-145
-590
783
445
-31
-469
-699
-622
-273
209
637
846
762
409
-77
-521
-759
-693
-350
133
561
779
705
361
-122
-561
-790
-716
-364
129
569
790
718
381
-96
-529
-756
-679
-325
170
611
833
763
426
-52
-490
-724
-650
-296
194
627
843
760
404
-92
-538
-773
-703
-356
129
561
783
713
377
-99
-537
-763
349
-124
-552
-775
-698
-342
151
586
805
730
387
-93
-531
-763
-689
-335
153
583
798
719
372
-114
-558
-792
-719
-368
120
551
769
690
346
-143
-585
-811
-733
-380
105
531
745
672
335
-139
-569
-794
-714
-358
138
582
814
750
420
-53
-485
-705
-620
-264
234
677
907
840
501
18
-421
-651
-576
-112
-563
-802
-737
-394
84
509
720
639
289
-197
-645
-880
-809
-463
22
456
677
611
277
-200
-634
-863
-782
-421
78
527
765
701
363
-119
-556
-781
-702
-353
133
564
782
704
355
-136
-584
-821
-752
-408
77
507
723
648
303
-184
-628
-864
-798
-456
27
454
670
597
257
-223
-662
-890
-808
-449
49
487
709
638
298
-183
-619
-844
-768
-418
71
512
746
680
340
-145
-586
-810
-729
-377
111
545
771
709
382
-92
-532
-765
-688
-341
140
571
793
717
374
-111
-561
-804
-741
-400
82
511
729
653
306
-185
-630
-866
-792
-443
41
474
695
621
279
-201
-639
-864
-785
-430
-612
-840
-764
-408
86
524
749
678
336
-152
-597
-825
-747
-395
92
527
747
671
326
-159
-604
-834
-758
-402
90
523
745
674
333
-148
-587
-814
-736
-383
105
540
764
694
353
-133
-575
-804
-727
-374
112
543
756
670
311
-187
-636
-870
-799
-450
30
456
669
595
255
-225
-660
-885
-802
-444
53
-775
-691
-329
168
609
836
772
436
-43
-485
-717
-644
-296
193
629
854
783
444
-42
-485
-719
-652
-309
173
603
824
755
410
-80
-528
-768
-698
-350
132
558
775
699
356
-124
-566
-798
-723
-374
112
546
770
699
355
-129
-570
-799
-723
-370
119
553
782
719
386
-94
-538
-769
-687
-329
167
604
-648
-299
184
615
832
755
408
-79
-523
-754
-676
-321
168
602
827
755
413
-73
-514
-745
-673
-323
158
587
804
727
388
-95
-531
-763
-687
-337
151
587
811
738
394
-92
-538
-773
-700
-348
142
576
797
726
386
-94
-535
-767
-690
-338
146
572
788
713
370
-107
-546
-781
-709
-363
121
553
775
704
363
-121
-562
-793
-718
-366
124
564
790
720
378
-102
-535
-761
-682
-330
158
590
813
741
400
-82
-522
-756
-684
-335
150
579
799
724
380
-106
-548
-775
-699
-349
139
575
800
735
400
-83
-525
-758
-683
-330
160
596
819
748
406
-75
-511
-743
-675
-329
152
579
797
724
383
580
806
732
386
-98
-538
-773
-706
-359
128
563
780
699
350
-131
-574
-811
-742
-401
79
505
723
649
311
-172
-606
-827
-744
-392
93
522
738
661
317
-162
-600
-831
-757
-404
87
521
737
664
323
-156
-591
-824
-747
-393
94
524
741
663
318
-165
-600
-828
-750
-400
86
520
741
668
327
-156
-596
671
329
-154
-590
-820
-741
-382
109
547
764
686
340
-139
-571
-795
-715
-367
117
552
768
687
344
-134
-568
-795
-719
-366
121
552
770
693
344
-142
-582
-811
-730
-375
110
537
743
662
317
-165
-602
-824
-741
-385
108
546
762
682
339
-136
-565
-786
-704
-351
137
569
785
707
365
-114
-553
-782
359
-126
-560
-781
-701
-344
145
577
794
713
369
-114
-547
-768
-685
-332
154
586
804
723
380
-104
-543
-770
-691
-335
151
577
786
701
348
-140
-578
-801
-722
-370
114
543
756
671
320
-167
-604
-828
-751
-393
100
529
742
662
316
-165
-599
-817
-732
-373
119
553
772
692
348
-136
-573
-799
-719
-365
126
558
768
683
331
-150
-582
-806
-731
-380
106
539
757
684
346
-132
-565
-788
-707
-351
142
580
800
721
372
-115
-555
-781
-703
-352
137
565
777
695
349
-133
-574
-803
-727
-376
112
545
765
681
336
-146
-583
-801
-713
-351
142
582
806
733
395
-87
-524
-751
363
-127
-573
-804
-729
-377
107
533
743
658
310
-176
-612
-834
-754
-399
90
521
736
658
312
-174
-612
-838
-757
-399
96
535
754
673
322
-168
-604
-828
-750
-398
86
518
737
657
307
-173
-603
-827
-745
-384
116
551
766
682
332
-153
-587
-810
-727
-372
115
551
775
700
351
-141
-586
-813
-731
-378
-587
-813
-736
-382
101
531
752
671
326
-158
-599
-821
-738
-381
106
536
753
672
325
-160
-601
-827
-744
-388
102
533
743
658
305
-178
-614
-835
-750
-393
96
525
739
654
303
-182
-623
-848
-764
-406
83
518
737
660
309
-178
-611
-832
-743
-384
112
546
763
681
332
-149
-586
-812
-730
-375
113
-713
-627
-269
219
647
857
770
417
-72
-512
-735
-653
-298
191
616
825
740
390
-96
-530
-749
-664
-305
184
614
828
745
397
-89
-530
-756
-668
-309
181
608
817
727
372
-114
-552
-775
-688
-327
161
592
807
721
369
-117
-548
-764
-682
-330
152
578
789
701
341
-151
-594
-822
-740
-386
98
523
734
646
296
-191
-632
-855
-775
-421
68
497
709
624
279
-202
-633
-852
-763
-402
88
518
733
653
305
-177
-608
-827
-744
-389
104
538
752
669
322
-163
-601
-823
-738
-381
109
542
754
666
311
-176
-611
-832
-746
-388
100
528
740
654
303
-182
-616
-835
-752
-395
93
519
-696
-340
147
575
781
693
346
-136
-569
-786
-696
-333
165
604
823
743
394
-90
-521
-738
-653
-294
192
621
834
748
390
-104
-547
-776
-696
-341
151
583
794
706
351
-140
-582
-805
-720
-362
126
554
763
677
328
-150
-579
-797
-708
-345
148
581
792
706
357
-125
-562
-781
-692
-328
167
599
810
727
375
-112
850
756
399
-89
-522
-746
-662
-304
181
605
810
715
356
-135
-571
-789
-703
-348
136
561
770
681
329
-160
-597
-815
-729
-370
122
556
773
691
347
-130
-557
-769
-672
-302
194
631
846
760
409
-73
-504
-722
-630
-266
226
657
867
775
421
-69
-508
-732
-656
-308
174
596
801
709
348
-144
-590
702
359
-120
-543
-750
-656
-290
208
641
852
760
401
-88
-521
-740
-653
-295
190
617
820
726
363
-134
-574
-799
-716
-363
123
547
749
654
296
-199
-636
-855
-762
-389
120
565
782
700
350
-126
-548
-755
-652
-278
216
647
859
767
406
-84
-521
-742
-650
-288
200
619
822
726
362
-133
-578
-807
-726
-371
116
543
741
638
272
-215
-653
-873
-780
-413
79
518
737
659
320
-150
-575
-786
-685
-316
176
609
822
732
375
-108
-547
-770
-679
-318
169
595
793
688
324
-163
-607
-832
-745
-395
86
512
717
615
258
-223
-661
-874
-780
-413
84
524
745
664
324
-149
862
764
405
-87
-524
-751
-665
-317
161
578
784
695
340
-156
-602
-825
-743
-387
97
527
740
658
311
-168
-590
-801
-708
-339
159
600
817
732
378
-106
-535
-751
-663
-301
188
614
821
734
379
-110
-549
-775
-694
-340
142
566
776
686
330
-163
-603
-829
-745
-390
99
537
752
668
321
-157
-578
-792
-695
-80
-519
-744
-661
-301
189
620
827
736
376
-118
-563
-787
-703
-344
146
578
790
701
348
-130
-555
-764
-668
-302
190
625
835
749
394
-92
-530
-748
-656
-292
197
625
833
743
383
-111
-553
-783
-701
-346
142
570
780
690
331
-163
-604
-825
-745
-391
91
523
739
656
308
-176
-611
-827
-730
-171
-617
-835
-745
-386
97
521
730
634
271
-226
-671
-898
-815
-457
29
453
665
584
236
-251
-682
-890
-788
-412
86
524
749
668
314
-176
-608
-822
-731
-364
130
560
770
685
332
-164
-606
-827
-740
-385
98
520
725
632
273
-219
-666
-893
-804
-439
48
473
686
603
-521
-728
-627
-263
222
647
855
757
391
-106
-542
-753
-665
-315
164
583
784
686
319
-178
-617
-828
-730
-366
119
539
745
659
311
-168
-592
-794
-693
-325
165
598
817
737
389
-98
-522
-719
-615
-250
242
671
879
787
424
-77
-520
-737
-647
-291
186
601
796
695
331
-166
-602
-817
-725
-371
107
529
-697
-321
179
617
831
743
385
-103
-536
-747
-651
-289
195
617
819
726
364
-133
-572
-784
-689
-329
151
571
778
684
322
-168
-600
-809
-713
-353
131
561
773
687
334
-152
-577
-778
-671
-303
185
609
819
734
382
-107
-541
-757
-663
-300
188
618
825
735
370
-126
-561
-769
-668
-302
180
602
804
708
341
-159
857
742
400
-99
-529
-747
-669
-308
171
596
779
682
318
-191
-629
-839
-743
-379
87
491
687
606
270
-209
-634
-870
-771
-401
94
522
721
623
280
-192
-590
-785
-697
-342
141
565
787
712
382
-101
-555
-769
-667
-300
177
595
790
695
348
-118
-557
-777
-684
-323
140
557
774
707
355
-142
-588
-805
328
-153
-572
-771
-676
-331
148
583
795
700
341
-151
-577
-779
-692
-328
161
592
822
743
391
-101
-526
-707
-617
-284
198
629
822
716
365
-120
-555
-768
-683
-320
164
579
775
671
295
-189
-604
-812
-730
-383
82
506
728
636
258
-258
-701
-905
-800
-436
34
446
648
559
216
-266
-688
-902
-803
-446
50
491
719
650
297
-196
-624
-827
-717
-358
129
577
787
684
319
-166
-592
-789
-701
-345
131
550
745
653
304
-172
-594
-825
-744
-379
123
548
747
644
292
-203
-641
-836
-722
-358
125
560
792
696
324
-169
-588
-780
-681
-336
129
558
761
680
334
-150
-570
724
355
-126
-541
-759
-692
-351
133
553
751
655
287
-225
-666
-862
-763
-411
57
470
687
590
229
-248
-675
-877
-784
-430
48
476
687
601
258
-212
-620
-815
-731
-386
105
553
767
672
315
-159
-583
-786
-683
-323
153
574
783
692
330
-161
-597
-816
-722
-350
147
558
738
646
289
-205
-622
-823
-729
-385
-535
-739
-647
-288
193
616
827
742
389
-92
-523
-725
-627
-280
193
625
837
750
404
-80
-504
-728
-646
-290
194
612
822
727
361
-130
-562
-768
-668
-322
153
582
787
693
346
-127
-557
-769
-681
-337
145
572
784
694
336
-148
-583
-797
-692
-319
172
603
816
727
367
-108
-521
-722
-629
-266
227
-757
-648
-293
186
607
819
728
374
-98
-520
-726
-641
-286
198
610
820
735
380
-99
-524
-735
-651
-297
189
611
813
718
368
-107
-527
-728
-630
-275
200
624
837
754
402
-80
-511
-729
-643
-278
206
620
820
731
375
-103
-523
-734
-654
-312
169
595
808
714
350
-145
-576
-778
-689
-341
130
551
767
674
316
-162
-578
-791
-697
-347
127
552
762
676
326
-143
-559
-768
-676
-312
175
600
805
720
367
-111
-526
-731
-637
-288
185
601
807
716
358
-131
-554
-760
-666
-315
161
580
787
707
350
-135
-545
-745
-663
-311
175
595
804
720
366
-119
-535
-735
-645
-299
-533
-747
-659
-298
183
604
808
733
384
-100
-521
-730
-647
-302
174
593
799
708
364
-111
-528
-729
-635
-288
184
604
818
727
357
-148
-582
-790
-703
-348
127
540
740
649
297
-177
-604
-820
-735
-388
90
521
733
647
291
-189
-615
-818
-716
-359
120
543
752
668
323
-155
-574
-780
-691
-346
128
553
770
-372
105
535
751
674
327
-150
-567
-771
-676
-322
161
588
798
714
368
-110
-537
-747
-653
-300
185
611
831
759
413
-67
-491
-706
-618
-262
218
641
851
764
409
-79
-509
-721
-634
-290
183
609
823
741
392
-89
-517
-733
-651
-300
181
607
824
737
384
-99
-533
-752
-661
-309
167
587
797
717
362
-123
-548
711
363
-122
-552
-764
-681
-329
149
577
801
721
369
-117
-556
-778
-692
-335
147
570
780
702
357
-128
-564
-784
-699
-343
143
570
791
715
373
-106
-538
-752
-665
-312
167
587
796
716
370
-115
-550
-767
-691
-346
138
568
780
692
340
-140
-568
-785
-698
-343
137
563
781
706
360
-125
-561
-782
-706
-357
128
556
769
686
348
-131
-567
-794
-714
-362
123
549
760
673
326
-150
-581
-805
-723
-370
111
532
746
666
319
-166
-594
-803
-716
-363
123
556
774
700
362
-115
-546
-768
-685
-322
171
600
817
741
399
-82
-518
-737
-658
-310
170
593
807
724
376
587
798
721
377
-102
-538
-767
-694
-347
133
558
774
697
350
-130
-565
-792
-709
-350
139
566
774
700
361
-117
-548
-769
-691
-344
139
569
788
712
369
-112
-546
-775
-700
-342
142
564
771
688
338
-139
-569
-790
-710
-356
133
566
782
704
357
-124
-561
-787
-702
-344
145
576
789
709
365
-112
-549
-778
-696
-133
-572
-801
-728
-383
96
521
734
659
318
-159
-594
-825
-746
-395
86
518
734
656
312
-165
-600
-827
-750
-397
91
519
739
663
322
-155
-588
-818
-747
-400
88
526
748
671
329
-149
-579
-803
-727
-381
105
538
757
679
343
-129
-562
-791
-720
-365
126
559
773
694
352
-131
-573
-799
-717
-365
124
555
-776
-418
82
523
743
671
338
-133
-558
-774
-688
-327
165
604
822
741
395
-80
-512
-733
-647
-295
189
618
830
746
389
-99
-536
-762
-681
-332
150
573
787
702
351
-131
-567
-796
-719
-363
129
559
773
692
351
-121
-547
-768
-689
-331
155
588
809
733
388
-90
-522
-752
-674
-322
165
596
806
720
372
-110
-546
-777
-704
-360
120
546
760
676
329
-153
-595
-829
-756
-410
73
498
715
637
296
-180
-614
-840
-768
-422
60
488
715
647
309
-166
-597
-827
-750
-395
97
537
761
692
360
-112
-538
-763
-681
-323
176
611
829
750
405
-71
-507
-737
288
-192
-624
-845
-763
-412
77
508
722
642
296
-179
-606
-827
-747
-389
99
530
754
678
339
-134
-567
-785
-706
-346
150
585
800
722
380
-97
-526
-749
-668
-313
174
605
819
736
384
-105
-539
-771
-693
-351
125
547
753
672
325
-159
-598
-830
-749
-390
100
527
742
655
307
-167
-594
-812
-731
-372
-578
-795
-711
-355
131
556
763
675
330
-155
-590
-814
-736
-385
95
518
723
632
281
-205
-640
-862
-781
-433
55
480
685
600
248
-233
-663
-883
-791
-430
66
502
725
652
309
-164
-591
-800
-703
-335
158
584
791
701
348
-139
-575
-799
-724
-373
102
523
729
639
284
-202
-636
-863
-783
-433
49
469
-734
-369
124
555
762
675
327
-163
-592
-801
-706
-334
161
588
794
699
343
-145
-581
-801
-710
-351
139
561
759
660
306
-182
-614
-833
-740
-379
103
519
715
616
255
-239
-673
-887
-796
-438
52
481
691
602
248
-230
-657
-869
-774
-397
104
532
737
643
290
-188
-612
-815
-711
-342
151
584
796
709
357
-129
-560
-772
-673
-305
182
602
803
706
338
-155
-591
-814
-723
-363
124
544
743
641
278
-212
-645
-865
-770
-404
81
502
708
619
271
-209
-638
-847
-747
-381
114
552
764
675
324
-162
-588
-799
-704
-340
148
579
785
687
329
-160
-596
-817
-726
-374
110
532
735
640
119
550
762
671
307
-185
-619
-830
-726
-352
150
589
804
715
362
-127
-563
-776
-675
-301
195
628
837
742
381
-110
-548
-769
-677
-315
180
615
820
719
353
-145
-590
-818
-731
-368
125
552
757
659
290
-212
-656
-879
-789
-423
75
508
720
622
263
-223
-658
-868
-771
-398
100
535
749
662
312
624
828
730
359
-136
-583
-812
-720
-347
151
583
785
684
314
-190
-632
-852
-757
-391
110
545
757
665
298
-201
-641
-855
-754
-372
133
569
781
688
323
-173
-605
-810
-699
-308
207
654
868
778
413
-85
-519
-733
-634
-259
242
675
879
775
405
-100
-548
-772
-677
-306
196
625
827
718
337
-171
-620
-847
-749
-178
-616
-829
-720
-333
184
633
848
748
379
-125
-572
-791
-692
-317
190
627
832
732
360
-147
-596
-817
-723
-346
151
577
778
677
303
-208
-657
-874
-773
-395
116
549
752
652
278
-222
-669
-885
-782
-399
117
560
775
671
298
-210
-663
-882
-780
-399
115
564
777
681
311
-196
-646
-873
-775
-399
104
542
750
649
278
-226
-673
-896
-798
-421
89
528
732
628
251
-253
-692
-908
-809
-428
82
527
746
654
292
-203
-647
-857
-747
-362
153
592
802
701
333
-163
-600
-810
-699
-310
197
636
845
745
371
-132
-578
-792
-692
-310
202
640
842
735
361
-144
-588
724
354
-147
-588
-798
-694
-315
197
642
857
758
378
-131
-573
-784
-683
-307
194
629
833
723
337
-176
-619
-827
-726
-355
147
581
789
684
301
-213
-662
-878
-772
-392
113
555
769
670
288
-226
-670
-880
-773
-391
114
549
754
641
253
-265
-714
-928
-820
-436
77
521
730
630
247
-268
-712
-920
337
-175
-621
-834
-731
-352
146
579
785
679
300
-214
-669
-885
-788
-417
85
520
728
618
233
-282
-728
-940
-833
-447
62
504
718
620
247
-254
-689
-892
-778
-388
127
576
796
699
324
-184
-619
-822
-714
-331
175
612
817
710
329
-185
-628
-836
-727
-343
162
597
808
702
322
-192
-635
-843
-739
-170
-611
-821
-713
-334
170
608
815
713
334
-175
-621
-830
-721
-339
164
605
817
713
331
-180
-618
-822
-711
-324
184
626
841
744
369
-140
-581
-791
-684
-310
192
630
836
731
348
-164
-607
-818
-717
-344
154
583
786
675
294
-215
-661
-870
-763
-384
120
558
768
665
291
-217
-665
-874
-763
-383
122
562
773
673
297
-207
-643
-851
-747
-373
125
561
772
674
305
-196
-634
-839
-735
-358
147
585
796
700
326
-182
-625
-834
-725
-352
140
570
779
683
316
-185
-620
-825
-716
-336
170
612
825
725
352
-159
-605
-817
-712
-333
168
604
817
719
343
-165
-610
-825
-722
-347
-643
-855
-748
-369
135
573
781
679
298
-211
-651
-854
-744
-367
134
566
769
666
285
-228
-671
-881
-772
-394
108
544
755
654
277
-231
-672
-881
-772
-388
119
561
776
685
311
-196
-635
-845
-735
-355
149
592
808
706
326
-185
-624
-831
-722
-344
154
584
787
679
298
-216
-664
-879
-775
-393
111
548
-657
-277
224
658
868
770
393
-115
-559
-769
-661
-282
218
652
860
758
377
-138
-583
-795
-691
-311
191
628
839
739
363
-142
-578
-787
-679
-301
201
637
845
742
360
-156
-606
-820
-714
-339
157
585
782
673
288
-228
-676
-887
-781
-404
101
540
758
666
297
-205
-642
-847
-736
-352
154
597
813
713
338
-167
752
657
280
-226
-665
-875
-772
-396
109
548
762
669
299
-202
-635
-834
-719
-336
171
616
833
736
361
-145
-584
-791
-680
-299
204
639
849
748
371
-139
-584
-797
-694
-321
177
609
814
714
337
-171
-617
-826
-722
-346
155
592
805
706
331
-179
-622
-833
-731
-356
141
572
779
674
294
-220
-667
-880
-776
-398
99
530
736
637
262
-242
-681
-889
-781
-403
99
538
754
661
293
-208
-644
-845
-732
-349
159
601
819
726
350
-153
-589
-796
-684
-306
192
623
828
728
346
-164
-606
-816
-712
-337
166
607
821
728
358
-140
-568
-767
-650
-265
241
680
893
795
419
-92
794
691
311
-205
-654
-870
-772
-400
102
536
750
653
276
-242
-696
-911
-804
-420
89
537
765
682
311
-199
-647
-860
-754
-376
128
566
777
678
302
-213
-668
-890
-792
-420
81
517
727
627
252
-261
-715
-945
-854
-488
11
449
662
564
191
-316
-760
-972
-863
-479
32
483
707
620
251
-250
-694
-903
-797
-164
-608
-821
-718
-340
166
611
835
749
385
-116
-555
-769
-667
-293
204
643
858
763
398
-102
-544
-755
-649
-271
235
672
884
792
425
-82
-528
-749
-660
-296
199
631
842
749
377
-135
-588
-804
-706
-330
171
612
833
746
376
-137
-590
-814
-718
-349
148
584
798
704
334
-171
-618
-839
-741
-372
119
-839
-745
-377
127
576
808
729
359
-151
-601
-822
-724
-351
149
581
793
694
321
-187
-636
-856
-754
-379
122
558
766
671
300
-206
-650
-863
-757
-371
145
600
825
742
376
-130
-580
-805
-709
-334
171
616
837
751
384
-121
-568
-784
-682
-311
193
643
864
775
406
-106
-560
-787
-700
-330
170
603
815
727
355
-155
-602
-820
-720
-344
154
589
806
716
341
-171
-623
-840
-740
-362
147
592
816
732
378
-119
-568
-788
-689
-316
184
620
844
759
386
-128
-584
-809
-716
-336
170
615
838
746
380
-128
-585
-816
-732
-365
128
562
780
683
306
-206
-653
-860
343
-160
-608
-829
-728
-350
162
613
835
745
366
-158
-621
-853
-751
-364
156
613
843
769
411
-92
-549
-779
-683
-305
198
640
861
766
390
-122
-575
-798
-706
-329
180
625
842
744
362
-156
-617
-850
-762
-388
123
570
788
694
318
-193
-646
-866
-758
-375
142
599
830
745
372
-143
-600
-824
-728
-357
-621
-840
-738
-358
161
622
858
775
412
-103
-577
-819
-736
-375
131
587
828
750
381
-134
-590
-808
-704
-324
189
644
866
765
381
-140
-602
-829
-737
-360
150
598
826
732
358
-160
-627
-860
-772
-404
92
535
760
671
299
-215
-665
-875
-763
-372
147
606
837
753
389
-124
-581
-816
-734
-368
125
559
778
-400
108
567
812
739
379
-125
-580
-806
-721
-361
133
575
797
711
345
-163
-615
-840
-753
-386
117
553
766
667
287
-228
-675
-877
-753
-351
189
655
896
814
446
-64
-514
-734
-638
-256
255
700
914
812
427
-101
-573
-818
-743
-382
127
591
840
775
419
-90
-549
-788
-700
-336
162
609
835
749
373
-147
-610
-835
-743
-374
121
551
756
660
285
-228
-674
-883
-767
-370
156
617
848
762
398
-108
-556
-779
-688
-317
189
637
862
780
411
-113
-589
-836
-759
-392
130
598
848
779
423
-78
-533
-768
-684
-317
186
632
854
761
378
-151
-616
-844
-750
-388
99
527
742
-402
105
559
792
707
329
-198
-665
-899
-801
-410
115
579
809
722
349
-163
-618
-837
-739
-357
152
603
833
759
408
-87
-531
-758
-678
-324
170
615
847
769
406
-112
-589
-836
-750
-365
158
620
849
760
385
-131
-581
-796
-693
-312
202
654
876
788
424
-84
-535
-759
-663
-291
212
661
885
794
410
-120
771
674
303
-198
-639
-854
-752
-366
153
604
841
772
410
-108
-563
-787
-692
-310
204
657
874
776
394
-129
-603
-846
-760
-388
120
565
782
680
298
-224
-695
-939
-855
-472
49
517
765
695
328
-183
-632
-855
-770
-402
106
559
785
701
333
-175
-632
-858
-768
-396
112
562
792
707
339
-171
-628
-856
-766
-177
-642
-876
-788
-420
85
533
764
688
329
-169
-618
-840
-748
-379
128
584
814
734
371
-135
-583
-807
-713
-341
167
618
846
758
383
-133
-583
-799
-698
-318
188
638
867
784
410
-112
-582
-829
-757
-394
113
575
809
721
352
-150
-593
-816
-718
-334
188
653
901
832
471
-32
-479
-692
-596
-232
270
718
938
839
457
-72
-546
-788
-713
-351
157
610
835
751
381
-128
-581
-812
-726
-359
148
602
835
744
366
-163
-636
-875
-794
-426
78
535
776
701
336
-178
-632
-856
-765
-392
120
575
807
725
355
-159
-623
-857
-763
-392
115
567
794
706
331
-186
-640
-857
305
-219
-687
-928
-842
-472
35
494
734
659
300
-203
-650
-862
-758
-365
156
615
855
781
421
-91
-550
-787
-705
-333
177
634
871
790
425
-95
-559
-791
-704
-333
174
622
849
765
397
-113
-557
-776
-681
-305
199
645
868
780
407
-112
-578
-809
-709
-328
190
646
877
790
421
-92
-553
-785
-694
-325
-573
-810
-727
-354
153
597
817
726
347
-178
-646
-871
-773
-389
134
592
826
739
369
-150
-616
-858
-780
-411
96
546
775
692
322
-194
-655
-892
-805
-431
84
536
762
678
314
-187
-622
-830
-726
-340
174
625
853
761
380
-141
-601
-836
-745
-367
139
579
793
698
322
-200
-667
-891
-782
-393
132
596
831
-352
157
615
845
749
368
-161
-632
-865
-775
-392
130
588
816
733
359
-154
-605
-831
-732
-348
162
613
844
756
381
-140
-604
-836
-737
-353
167
628
857
774
399
-130
-591
-818
-722
-334
183
637
867
776
389
-139
-604
-840
-752
-372
138
584
808
719
346
-170
-635
-865
-766
-385
135
597
833
749
379
-140
-606
-844
-760
-390
119
565
789
706
337
-174
-631
-862
-772
-398
114
565
796
717
345
-181
-648
-887
-801
-429
85
537
770
692
327
-182
-633
-861
-775
-395
119
568
791
702
329
-184
-650
-884
-793
-422
84
534
764
681
306
-212
-673
-903
-802
-413
-636
-886
-806
-435
77
529
762
682
314
-206
-674
-909
-811
-423
100
562
801
725
362
-153
-627
-874
-790
-414
102
563
802
718
346
-166
-630
-870
-783
-405
119
577
808
728
358
-162
-632
-873
-777
-386
142
600
828
740
364
-161
-635
-870
-778
-398
123
587
822
741
371
-149
-627
-870
-773
-382
146
612
850
767
210
664
889
792
401
-136
-612
-853
-759
-366
167
637
874
782
395
-132
-603
-833
-725
-328
205
670
903
814
434
-95
-575
-816
-720
-336
192
656
897
818
434
-102
-586
-836
-746
-358
171
639
882
807
436
-79
-545
-786
-703
-332
181
632
859
774
399
-122
-589
-822
-725
-335
190
650
882
791
410
-114
-582
-818
316
-205
-666
-893
-781
-378
165
641
878
793
413
-104
-569
-806
-707
-316
216
677
900
802
412
-117
-588
-818
-712
-317
216
679
909
814
430
-90
-555
-790
-694
-313
204
655
868
759
365
-173
-648
-885
-785
-388
144
614
846
750
361
-167
-640
-877
203
680
913
814
414
-127
-605
-844
-740
-334
212
681
909
811
427
-103
-579
-817
-715
-320
212
675
898
791
387
-161
-641
-876
-771
-373
163
634
865
770
385
-144
-617
-853
-746
-346
181
631
843
740
350
-181
-652
-879
-771
-366
171
631
852
749
354
-181
-656
-887
-777
-374
167
638
860
751
354
-189
-660
-881
-759
-139
-619
-852
-745
-339
206
675
900
791
388
-157
-641
-882
-775
-374
155
611
819
703
308
-222
-682
-889
-750
-322
232
705
917
788
364
-198
-691
-927
-806
-379
181
659
886
780
380
-172
-657
-891
-781
-366
182
658
879
762
345
-220
-713
-952
-838
-423
140
625
856
746
336
-216
-709
-952
-847
-435
-686
-904
-772
-345
219
701
920
792
366
-203
-709
-955
-840
-420
146
633
865
759
354
-190
-669
-900
-787
-365
197
688
923
814
407
-146
-635
-878
-772
-358
196
673
893
779
372
-177
-661
-902
-796
-383
170
647
872
766
365
-171
-641
-858
-724
-291
270
747
957
817
385
-184
-682
-926
-820
-404
166
656
-791
-368
198
691
928
817
398
-157
-642
-878
-764
-342
219
702
923
803
381
-186
-685
-937
-833
-418
137
613
842
728
318
-225
-703
-928
-795
-354
227
725
958
846
434
-126
-621
-864
-752
-334
219
698
913
783
357
-202
-691
-928
-809
-377
195
690
927
815
406
-147
-632
-867
-755
-326
246
740
970
845
415
-156
-657
-903
-795
-378
183
668
895
782
371
-178
-662
-899
-789
-370
192
680
915
809
405
-143
-626
-863
-750
-334
223
708
933
808
387
-169
-647
-870
-744
-303
279
773
1006
890
468
-96
-595
-844
-737
-325
223
701
916
781
349
-222
-718
-954
-834
-398
-725
-968
-854
-427
142
635
865
752
343
-199
-674
-907
-785
-349
228
722
949
829
399
-177
-683
-932
-822
-399
165
648
873
749
323
-237
-724
-959
-832
-392
185
677
907
790
369
-195
-693
-945
-840
-421
136
623
848
718
291
-273
-764
-996
-870
-433
144
635
862
741
328
-222
-706
-940
-817
-381
198
693
928
-291
275
758
983
854
422
-150
-645
-890
-782
-360
201
676
889
760
337
-227
-720
-945
-804
-355
228
722
954
832
403
-170
-669
-903
-787
-360
208
692
922
803
386
-177
-672
-906
-780
-348
229
723
957
837
419
-138
-627
-862
-744
-322
233
714
938
823
409
-163
-662
-905
-799
-384
178
652
866
745
327
-223
-699
824
398
-153
-624
-834
-692
-265
289
773
995
869
437
-125
-609
-836
-710
-279
272
733
949
821
397
-164
-636
-835
-687
-264
284
750
956
826
392
-175
-657
-871
-727
-294
259
737
960
836
401
-168
-654
-871
-731
-298
262
737
937
792
356
-208
-683
-890
-746
-312
245
718
934
806
366
-216
-711
-942
-818
-393
160
636
853
731
310
-246
-718
-925
-783
-355
205
685
898
772
345
-216
-692
-900
-767
-345
200
661
868
732
296
-263
-741
-959
-825
-396
153
620
831
688
259
-293
-758
-958
-804
-362
212
692
898
763
320
-257
-753
-978
-860
-445
106
587
804
669
241
-312
926
786
357
-205
-667
-857
-683
-236
317
780
982
829
384
-190
-673
-877
-734
-295
271
748
955
806
364
-210
-696
-900
-749
-309
255
725
938
792
337
-240
-710
-913
-761
-316
245
709
914
776
348
-209
-688
-905
-777
-348
211
673
878
742
306
-255
-725
-920
-757
-301
264
726
930
777
337
-222
-695
-900
-744
-302
-785
-981
-814
-368
195
658
856
694
237
-331
-798
-983
-819
-362
217
696
894
750
309
-267
-763
-978
-825
-367
196
646
834
678
232
-335
-809
-1010
-848
-394
167
632
837
690
259
-296
-753
-934
-765
-309
250
706
880
700
229
-355
-820
-1012
-836
-366
217
696
896
737
288
-277
-760
-967
-791
-328
242
712
897
-414
145
605
794
647
218
-323
-771
-934
-736
-265
312
773
941
737
254
-340
-820
-1017
-850
-381
209
681
851
672
215
-345
-827
-1032
-858
-377
220
700
888
726
274
-301
-780
-984
-826
-384
165
620
814
662
216
-343
-787
-953
-777
-326
238
693
860
676
209
-365
-831
-1021
-853
-380
198
649
817
646
192
-375
-836
-1018
-837
-353
232
695
879
699
232
-350
-831
-1027
-861
-413
137
591
763
598
157
-400
-850
-1016
-831
-357
229
687
848
663
192
-386
-862
-1060
-888
-417
161
616
794
612
138
-439
-911
-1102
-920
-442
145
620
807
639
186
-382
-850
-1046
-878
-141
-623
-837
-692
-242
318
754
896
704
237
-335
-810
-985
-795
-307
291
763
947
778
326
-239
-696
-873
-684
-223
342
781
932
717
211
-387
-863
-1041
-855
-371
230
720
907
740
292
-271
-733
-907
-713
-216
378
848
1017
825
349
-233
-706
-904
-740
-281
285
739
906
717
252
-308
-753
-913
-713
-225
365
-931
-740
-245
350
808
961
755
268
-313
-774
-962
-785
-311
269
728
887
685
202
-373
-822
-979
-769
-263
334
808
984
781
292
-299
-772
-938
-725
-216
402
880
1047
843
351
-251
-743
-942
-770
-298
283
748
923
740
276
-291
-735
-897
-698
-199
384
832
980
774
284
-302
-770
-939
-742
-262
310
756
902
680
188
796
944
723
221
-376
-839
-1000
-786
-263
365
841
1000
790
296
-303
-781
-957
-756
-249
353
810
960
744
230
-385
-871
-1048
-846
-352
242
717
885
680
183
-405
-873
-1035
-813
-293
338
830
1009
823
351
-231
-701
-877
-693
-220
344
764
872
635
125
-473
-934
-1074
-827
-289
340
831
1012
813
315
-282
-737
-894
-690
-190
416
885
1033
810
296
-317
-818
-1019
-829
-317
305
788
961
765
305
-258
-710
-875
-678
-200
358
783
918
700
190
-417
-884
-1037
-815
-312
286
751
911
705
216
-362
-809
-952
-712
-190
424
883
1019
777
252
-360
-854
-1047
-861
-358
254
731
-720
-234
346
784
920
687
171
-427
-885
-1020
-772
-232
387
854
994
758
237
-378
-860
-1027
-810
-295
314
778
922
688
161
-452
-930
-1091
-867
-333
296
787
952
738
249
-331
-780
-936
-705
-170
456
932
1091
877
364
-262
-770
-964
-766
-265
327
776
921
702
197
-398
-848
-979
-745
-238
364
827
985
770
262
-339
-801
632
119
-475
-927
-1053
-793
-241
386
851
982
733
207
-393
-848
-990
-757
-216
421
907
1050
797
252
-388
-874
-1026
-781
-242
391
885
1061
862
360
-235
-701
-851
-627
-124
458
875
962
691
148
-467
-939
-1087
-837
-288
352
838
993
761
247
-357
-812
-949
-709
-184
423
883
1014
748
184
-465
-961
-1123
-886
-346
-1013
-1164
-910
-365
251
709
839
599
75
-541
-1017
-1162
-897
-315
347
838
982
734
196
-431
-921
-1087
-855
-325
294
768
921
691
162
-459
-935
-1086
-847
-314
312
784
932
694
163
-454
-921
-1066
-833
-307
301
757
884
627
95
-509
-959
-1083
-801
-212
457
949
1088
836
303
-320
-811
-981
-762
-239
366
821
951
696
153
-475
-948
-1083
-817
-255
390
873
1027
783
238
-398
-888
-1057
-823
-288
325
788
914
659
130
-485
-965
-1122
-889
-345
285
759
902
676
185
-383
-799
-896
-614
-47
591
1053
1163
855
246
-442
-960
-1123
-871
-296
361
864
1030
800
268
-368
-866
796
238
-397
-874
-1008
-744
-188
435
882
979
681
100
-531
-971
-1058
-734
-105
597
1121
1272
995
409
-270
-802
-997
-786
-258
370
850
986
736
197
-418
-883
-1014
-748
-183
471
961
1112
857
293
-362
-864
-1035
-817
-296
308
750
850
560
-8
-635
-1093
-1205
-905
-286
423
967
1153
926
391
-238
-715
-865
-624
-562
-1029
-1132
-827
-220
449
934
1070
809
264
-364
-824
-937
-647
-52
618
1099
1191
852
216
-468
-940
-1035
-725
-117
567
1079
1229
945
332
-371
-902
-1069
-814
-225
461
977
1140
901
366
-270
-760
-921
-682
-131
506
968
1082
793
205
-458
-949
-1096
-845
-289
353
844
988
715
132
-515
-976
-1070
-756
-143
-975
-1098
-816
-224
448
943
1061
761
162
-508
-1001
-1138
-855
-256
428
927
1058
763
168
-495
-964
-1073
-772
-163
513
1012
1148
868
287
-367
-841
-956
-661
-69
583
1042
1125
791
163
-528
-1011
-1115
-794
-155
558
1077
1222
925
299
-401
-916
-1065
-799
-213
456
946
1061
760
161
-513
-1003
-1127
-828
-218
467
962
1093
804
212
-446
-921
-1034
-731
-129
546
1030
1143
836
224
-447
-925
-1042
-749
-148
529
1017
1143
847
246
-419
-887
-992
-688
-83
579
1047
1132
794
155
-543
-1039
-1154
-835
-192
531
1056
1196
912
323
-327
-786
-878
-557
69
763
1265
1378
1042
393
-336
-882
-1055
-801
-224
448
-1222
-901
-269
430
935
1057
746
127
-560
-1052
-1167
-858
-236
454
945
1062
755
143
-530
-1007
-1125
-822
-218
451
936
1040
716
91
-582
-1043
-1127
-791
-153
541
1026
1127
791
150
-551
-1053
-1168
-847
-210
491
988
1099
777
148
-549
-1043
-1165
-860
-234
466
973
1095
789
181
-484
-942
-1041
-731
-118
549
1025
1113
770
462
951
1047
716
77
-617
-1111
-1225
-896
-254
454
955
1064
731
104
-572
-1050
-1150
-831
-200
499
1001
1107
777
144
-548
-1030
-1128
-801
-174
514
998
1098
764
123
-573
-1073
-1190
-883
-259
419
883
959
619
-12
-693
-1164
-1246
-894
-235
489
1000
1106
776
142
-548
-1025
-1120
-785
-136
572
1070
1168
829
185
-521
-1007
-1120
196
-495
-977
-1074
-737
-87
617
1101
1178
824
171
-532
-1027
-1145
-828
-195
498
991
1087
751
112
-585
-1068
-1171
-843
-210
492
990
1098
788
177
-483
-938
-1023
-684
-38
658
1127
1205
858
220
-470
-954
-1058
-735
-104
581
1058
1148
812
183
-481
-928
-993
-637
15
708
1188
1265
910
251
-458
-945
-1050
-716
-84
602
1071
1135
776
123
-578
-1067
-1165
-821
-165
553
1047
1148
821
200
-477
-952
-1046
-716
-82
595
1061
1132
772
108
-605
-1094
-1195
-856
-220
478
961
1057
726
101
-571
-1041
-1132
-786
-132
578
1061
1144
799
165
-521
-998
-1091
-767
-129
563
1045
1132
783
134
-562
-1043
784
142
-536
-1006
-1087
-730
-72
624
1096
1162
804
151
-536
-1009
-1089
-740
-96
594
1061
1125
761
106
-585
-1059
-1141
-789
-144
546
1011
1081
729
86
-599
-1067
-1142
-785
-132
564
1036
1098
738
94
-583
-1054
-1143
-804
-162
528
996
1065
712
72
-615
-1076
-1155
-804
-151
538
1007
1079
728
85
-601
-1070
-1153
-801
-595
-1041
-1100
-742
-94
585
1037
1084
719
79
-596
-1048
-1114
-755
-116
562
1011
1070
704
68
-606
-1055
-1114
-754
-104
582
1034
1083
724
85
-600
-1049
-1105
-734
-75
619
1082
1134
768
123
-551
-1002
-1069
-709
-55
630
1090
1154
798
159
-519
-972
-1046
-702
-62
613
1064
1113
749
105
-576
-1020
-1085
-719
-63
616
1064
-708
-68
598
1038
1096
737
106
-549
-989
-1041
-677
-27
652
1100
1151
783
145
-507
-943
-995
-631
10
686
1132
1175
803
166
-510
-963
-1023
-663
-32
635
1069
1111
739
104
-562
-1006
-1066
-709
-71
604
1045
1089
715
86
-569
-1002
-1046
-676
-21
658
1107
1155
793
161
-508
-958
-1008
-647
-5
672
1124
1173
808
181
-473
-893
-944
-593
46
711
1141
1169
796
155
-520
-966
-1031
-670
-34
624
1048
1084
705
62
-605
-1041
-1096
-743
-99
566
993
1028
660
26
-630
-1063
-1111
-746
-95
569
1013
1057
685
47
-615
-1044
-1092
-733
-83
592
1033
1072
705
71
-591
-1031
-1086
-723
-75
-999
-1031
-655
-18
636
1048
1068
687
56
-598
-1028
-1083
-731
-99
557
978
1007
647
22
-619
-1036
-1065
-692
-51
617
1058
1105
748
130
-511
-943
-997
-634
-2
645
1059
1088
708
70
-576
-992
-1021
-655
-27
622
1034
1061
699
85
-553
-963
-1003
-632
-4
638
1051
1071
698
54
-589
-1006
-1050
-693
-50
610
1029
1057
-53
592
1001
1022
650
36
-587
-984
-1009
-628
7
641
1040
1056
679
50
-577
-974
-998
-627
4
645
1043
1058
678
51
-583
-978
-1000
-612
13
666
1057
1071
689
58
-579
-987
-1019
-656
-24
621
1031
1042
672
40
-592
-997
-1028
-657
-23
619
1034
1050
680
44
-588
-987
-1004
-634
4
647
1051
1063
690
72
-553
-963
-988
-624
-544
-947
-955
-584
43
675
1056
1049
655
29
-591
-988
-1004
-629
-8
623
1014
1018
634
11
-610
-1006
-1014
-639
-10
630
1019
1030
648
30
-594
-982
-997
-615
24
656
1048
1046
657
34
-585
-976
-985
-605
34
675
1056
1066
672
49
-585
-983
-1004
-632
-7
618
1008
1016
643
26
-590
-983
-999
-624
0
629
1015
1025
642
24
-594
-987
-1008
-630
-8
619
1011
1015
632
5
-617
-1012
-1025
-656
-23
606
996
1004
627
12
-607
-990
-1002
-631
-4
625
1013
1015
640
22
-590
-985
-996
-621
3
622
1002
1003
612
3
-611
-988
-995
-610
14
640
1025
1029
646
36
-583
1056
677
57
-553
-925
-931
-552
68
699
1084
1084
692
78
-533
-914
-921
-542
76
698
1073
1065
671
47
-561
-940
-936
-549
68
699
1067
1053
669
55
-570
-949
-952
-570
49
666
1041
1028
639
16
-587
-969
-978
-611
14
628
1009
1002
618
6
-603
-978
-980
-596
20
638
1017
1000
616
7
-594
-970
-955
-563
54
667
-982
-599
22
629
987
963
574
-39
-648
-1007
-996
-610
5
610
968
935
536
-88
-703
-1068
-1059
-673
-52
558
922
898
512
-98
-688
-1043
-1033
-637
-5
610
973
957
568
-36
-623
-977
-964
-575
37
632
989
959
569
-37
-636
-993
-983
-596
20
615
971
955
556
-57
-655
-1019
-1014
-628
-10
599
956
927
527
-92
987
953
558
-46
-638
-989
-962
-562
63
675
1036
1000
600
-11
-602
-959
-940
-541
75
672
1016
980
570
-42
-637
-992
-978
-585
28
631
978
927
516
-100
-698
-1053
-1029
-645
-42
566
924
888
484
-124
-720
-1076
-1059
-656
-30
584
943
924
540
-65
-651
-1006
-974
-567
59
662
1016
984
587
-24
-616
-964
-940
-553
54
667
1026
978
574
-27
-623
-970
-943
-547
64
658
996
958
555
-65
-661
-1011
-996
-598
21
615
964
929
522
-84
-677
-1019
-988
-590
32
641
988
943
551
-59
-658
-1001
-968
-569
42
640
976
924
505
-119
-714
-1050
535
-65
-646
-973
-934
-523
100
703
1056
1020
609
-7
-579
-913
-893
-503
125
726
1068
1017
602
-6
-596
-948
-923
-519
94
683
1023
992
593
-36
-627
-958
-906
-508
102
709
1062
1010
589
-20
-584
-917
-886
-474
167
767
1106
1071
679
75
-518
-846
-805
-408
199
783
1124
1077
660
36
-565
-919
-904
-528
86
674
-1124
-697
-52
561
914
883
488
-100
-655
-962
-908
-492
146
756
1083
1035
624
-5
-598
-941
-913
-514
94
664
981
913
485
-148
-751
-1105
-1076
-675
-60
530
861
805
402
-199
-769
-1094
-1035
-610
25
624
967
932
536
-65
-636
-945
-890
-475
152
753
1089
1034
617
-11
-611
-955
-925
-524
93
663
966
891
-86
522
866
814
395
-211
-777
-1093
-1034
-604
24
608
933
873
455
-163
-755
-1084
-1032
-625
-11
574
894
837
423
-188
-770
-1104
-1060
-656
-39
548
873
819
405
-207
-782
-1104
-1046
-611
29
623
950
890
479
-128
-693
-1007
-950
-533
93
691
1023
961
537
-85
-675
-1006
-957
-546
69
634
944
885
454
-172
-754
-1086
-1053
-653
-45
533
855
788
359
-263
-841
-1160
-1102
-672
-42
549
870
808
398
-207
-781
-1098
-1037
-603
27
604
936
886
472
-150
-725
-1045
-996
-587
46
643
954
877
451
-162
-741
-1063
-1016
-600
34
629
955
902
493
-128
-717
-1035
-968
-540
89
-985
-916
-501
112
700
1027
968
553
-58
-632
-958
-918
-503
133
721
1019
927
488
-138
-726
-1051
-999
-588
24
596
901
818
380
-241
-804
-1112
-1062
-644
-12
577
898
837
429
-172
-735
-1050
-990
-552
85
674
991
925
507
-118
-695
-1008
-942
-519
111
691
993
905
473
-140
-720
-1049
-1005
-589
33
612
928
859
423
826
1137
1059
628
5
-579
-901
-837
-419
193
753
1043
949
501
-131
-719
-1035
-975
-559
43
597
892
812
379
-240
-811
-1123
-1065
-639
-7
578
886
819
409
-185
-740
-1039
-957
-516
122
718
1039
971
552
-46
-597
-899
-828
-391
235
799
1092
1015
589
-27
-595
-900
-851
-444
165
729
1029
953
526
-90
-651
-969
491
-129
-704
-1016
-950
-524
88
660
964
887
459
-151
-710
-1005
-927
-504
94
649
939
858
429
-186
-756
-1079
-1032
-613
12
582
863
769
336
-274
-830
-1124
-1039
-590
60
657
983
918
493
-105
-641
-914
-822
-390
229
796
1082
990
546
-83
-656
-965
-905
-502
84
629
908
812
376
-243
-818
-1137
-1071
-636
-1
593
909
850
445
-149
-694
-974
-880
-432
203
782
1077
987
552
-54
-606
-907
-836
-419
176
728
1006
918
482
-144
-719
-1039
-990
-565
58
633
933
855
436
-162
-714
-1021
-950
-511
123
709
1014
935
510
-99
-660
-951
-881
-465
147
721
1018
926
491
-112
-671
-990
498
-93
-644
-948
-877
-451
167
724
1000
910
481
-123
-676
-976
-911
-500
110
672
959
871
440
-165
-717
-1014
-944
-515
123
712
1020
951
532
-77
-634
-934
-871
-458
152
708
987
884
449
-162
-729
-1036
-977
-572
19
562
838
743
311
-292
-854
-1164
-1096
-662
-27
565
885
820
408
-187
-734
-1016
-935
-504
-642
-951
-894
-482
118
661
929
833
405
-196
-733
-1016
-933
-504
119
687
983
910
489
-114
-666
-963
-891
-466
161
738
1034
950
520
-91
-652
-958
-894
-487
113
661
941
846
415
-190
-742
-1035
-953
-519
106
675
960
870
436
-171
-737
-1044
-968
-541
69
628
918
831
407
-194
-744
-1053
-992
-576
27
578
865
774
167
737
1026
935
498
-111
-665
-965
-893
-468
143
704
993
909
487
-122
-686
-996
-928
-505
116
692
988
897
458
-146
-699
-988
-902
-471
148
715
1016
937
504
-105
-659
-959
-885
-456
163
730
1020
923
492
-120
-684
-993
-926
-500
117
685
986
-107
-669
-970
-889
-454
167
723
1004
912
471
-147
-705
-990
-895
-438
207
796
1101
1018
581
-40
-597
-892
-810
-374
257
833
1118
1014
569
-41
-596
-897
-821
-393
218
769
1042
935
484
-146
-725
-1035
-956
-514
114
686
982
896
460
-151
-701
-988
-905
-476
136
692
976
879
442
-167
-719
-1011
-929
-491
135
-988
-887
-437
190
755
1039
951
516
-92
-644
-932
-855
-430
185
749
1034
941
507
-100
-653
-952
-879
-451
163
712
974
857
398
-233
-802
-1099
-1012
-574
44
607
897
814
386
-221
-768
-1049
-956
-516
105
673
964
875
451
-142
-679
-960
-865
-420
211
783
1070
977
538
-77
-640
-942
-868
-437
176
729
1009
919
493
-107
991
898
469
-130
-676
-960
-878
-448
164
715
990
890
461
-139
-690
-985
-905
-479
138
699
991
902
471
-131
-675
-962
-874
-427
210
782
1071
981
550
-54
-604
-898
-817
-384
228
781
1052
949
513
-106
-679
-990
-923
-503
103
655
934
839
393
-228
-793
-1094
-1017
-586
33
594
874
778
347
-251
-801
-1092
-1011
-582
-601
-900
-821
-389
233
799
1084
987
545
-76
-649
-961
-893
-471
137
698
994
916
496
-101
-656
-962
-909
-499
111
676
967
875
445
-161
-724
-1037
-973
-543
79
645
936
857
440
-158
-714
-1016
-939
-516
97
666
975
912
510
-73
-610
-894
-799
-355
275
855
1159
1074
639
28
-530
-837
-780
-367
242
801
1086
996
568
-33
-587
-889
-828
-421
178
725
995
893
456
-152
-712
-1011
-934
-496
133
706
996
911
485
-115
-668
-971
-894
-458
166
731
1026
946
521
-81
-633
-928
-844
-408
211
780
1072
987
561
-47
-613
-918
-852
-430
186
752
1051
977
559
-45
-597
-888
485
-114
-665
-966
-894
-468
155
721
1018
948
533
-73
-640
-936
-854
-420
194
755
1046
964
534
-72
-627
-925
-856
-439
170
732
1027
950
534
-54
-601
-906
-842
-425
189
749
1034
943
511
-96
-653
-955
-879
-451
167
727
1013
922
484
-138
-711
-1026
-970
-556
57
626
933
859
436
-168
-728
-1038
-980
-565
47
611
-812
-379
238
796
1074
981
546
-67
-635
-946
-884
-470
135
687
963
866
430
-183
-745
-1048
-971
-535
85
648
935
851
427
-175
-730
-1023
-936
-499
123
692
993
917
493
-108
-662
-960
-888
-470
138
698
987
900
478
-115
-668
-968
-896
-473
133
676
945
851
421
-179
-722
-1002
-912
-479
131
682
964
875
447
-159
974
871
437
-169
-721
-1020
-952
-528
79
629
916
844
443
-127
-649
-924
-835
-402
204
753
1026
926
489
-106
-644
-934
-863
-451
149
688
952
846
406
-195
-740
-1029
-951
-531
77
629
922
851
445
-139
-685
-978
-908
-482
134
696
981
894
478
-107
-639
-921
-844
-428
161
699
970
872
445
-153
-702
-998
-933
-526
68
613
893
810
400
-176
-707
-986
-898
-467
144
702
990
914
512
-57
-576
-848
-761
-341
258
794
1064
968
542
-61
-619
-922
-855
-441
150
678
937
829
394
-209
-765
-1060
-988
-576
19
570
855
773
361
-213
-729
-987
-887
-454
153
-908
-822
-401
200
750
1034
957
549
-28
-559
-840
-762
-353
234
763
1023
926
508
-67
-594
-877
-806
-401
178
699
960
865
453
-127
-658
-937
-854
-435
160
696
965
872
454
-134
-671
-963
-893
-482
109
653
933
857
454
-118
-643
-920
-837
-418
177
711
981
899
498
-67
-588
-865
-789
-384
198
724
986
888
461
696
964
875
459
-130
-677
-975
-917
-528
49
581
858
776
371
-196
-714
-982
-900
-481
117
664
955
895
516
-35
-550
-823
-744
-339
241
767
1033
943
536
-44
-583
-879
-824
-435
139
665
935
847
437
-143
-678
-965
-896
-487
97
634
916
850
467
-83
-593
-872
-800
-389
198
738
1022
947
539
-45
-584
-880
-826
-110
-635
-916
-845
-434
154
685
959
880
481
-94
-626
-920
-871
-485
78
600
869
791
390
-178
-700
-984
-913
-510
75
615
905
843
461
-96
-618
-901
-842
-449
126
656
940
873
482
-79
-601
-890
-830
-432
149
684
967
898
506
-60
-594
-896
-849
-466
98
619
888
806
401
-169
-697
-989
-927
-532
52
594
886
821
429
-131
-656
-941
-881
-490
87
617
896
825
433
-135
-664
-956
-899
-507
67
596
871
797
398
-175
-707
-1003
-940
-546
35
573
861
798
416
-137
-650
-931
-865
-467
108
638
917
839
433
-143
-684
-989
-942
-555
15
550
831
759
363
-208
986
923
533
-36
-570
-868
-821
-439
127
650
925
848
447
-125
-660
-955
-901
-507
66
600
887
823
439
-121
-646
-939
-878
-484
96
633
920
856
467
-94
-619
-908
-846
-450
132
663
944
874
480
-87
-623
-919
-869
-483
89
617
896
827
444
-115
-634
-923
-862
-466
112
651
936
873
485
-80
-603
-891
-837
-454
-640
-934
-881
-494
80
611
892
824
435
-132
-667
-970
-923
-536
41
577
860
794
405
-157
-679
-967
-907
-512
66
602
888
822
432
-137
-671
-972
-925
-540
32
564
845
777
388
-171
-689
-972
-908
-512
67
604
884
812
417
-153
-690
-994
-948
-562
12
545
829
768
385
-172
-700
-998
-945
-560
14
544
831
773
132
664
948
884
493
-72
-605
-904
-853
-468
106
640
925
859
461
-110
-648
-952
-906
-521
51
580
865
802
419
-145
-681
-982
-930
-538
46
595
897
848
474
-82
-604
-893
-837
-447
127
658
938
868
473
-101
-643
-952
-908
-526
47
581
868
806
419
-144
-675
-971
-913
-520
60
602
901
846
465
-93
-624
-924
-877
-493
80
616
903
838
448
-123
-657
-959
-915
-528
55
596
884
819
428
-141
-678
-978
-924
-531
55
599
897
848
473
-87
-616
-910
-853
-453
133
674
960
892
492
-87
-633
-945
-908
-533
30
557
832
757
354
-225
-770
-1074
-1021
-631
-559
-835
-768
-367
215
758
1054
1000
621
66
-465
-772
-735
-365
196
721
992
909
496
-90
-641
-959
-927
-552
17
546
833
779
405
-149
-672
-959
-894
-495
95
647
951
900
523
-30
-551
-841
-783
-392
190
736
1025
953
548
-37
-591
-909
-879
-507
60
591
874
810
424
-137
-668
-964
-912
-523
58
601
896
842
465
656
950
891
502
-67
-609
-921
-888
-513
52
585
876
816
433
-133
-665
-966
-916
-527
52
594
893
845
472
-79
-604
-903
-862
-482
93
631
919
858
471
-93
-629
-933
-895
-518
52
586
876
818
435
-129
-662
-963
-910
-515
67
614
916
871
498
-54
-574
-865
-802
-406
180
732
1034
979
592
27
-506
-812
-776
-404
-701
-1008
-967
-583
1
550
850
800
420
-139
-671
-972
-932
-551
23
564
864
819
447
-114
-652
-962
-923
-547
23
561
858
812
438
-119
-653
-957
-920
-546
26
568
865
817
442
-114
-642
-938
-888
-509
65
607
906
856
478
-92
-634
-944
-911
-540
25
561
854
800
421
-144
-677
-980
-935
-552
20
563
863
820
445
-109
-637
-941
-898
-517
62
607
904
853
473
-88
-624
-933
-898
-524
50
588
883
834
460
-97
-633
-941
-902
-522
51
596
904
863
496
-57
-584
-879
-829
-445
124
660
956
902
522
-44
-582
-891
-854
-475
94
636
-971
-594
-14
531
837
797
427
-126
-657
-959
-920
-538
37
579
884
839
467
-93
-629
-941
-912
-540
29
568
860
809
429
-139
-683
-1000
-975
-607
-41
499
800
758
391
-166
-697
-1004
-965
-589
-16
529
831
790
421
-137
-667
-968
-928
-551
20
561
861
811
436
-123
-659
-968
-929
-553
23
571
882
845
479
-72
890
854
495
-57
-586
-894
-859
-481
89
631
926
869
483
-90
-641
-963
-936
-569
-4
537
839
797
427
-130
-664
-975
-945
-576
-4
543
850
813
450
-106
-636
-940
-904
-533
31
572
880
839
467
-99
-645
-968
-941
-570
3
549
852
813
445
-108
-641
-950
-914
-539
33
579
886
846
467
-105
-656
-974
421
-152
-690
-991
-938
-541
50
606
927
904
545
-7
-537
-843
-803
-427
137
665
943
872
479
-98
-652
-981
-962
-599
-33
506
802
755
378
-187
-726
-1036
-999
-621
-41
514
832
801
440
-110
-641
-950
-911
-532
41
577
875
823
441
-131
-677
-997
-970
-595
-17
532
836
784
404
-170
-719
-1040
-1013
-642
-63
487
797
758
392
-155
-678
-974
-920
-514
91
658
976
944
575
10
-536
-853
-823
-455
105
632
912
840
434
-156
-715
-1038
-1011
-632
-43
514
822
777
402
-157
-695
-1001
-956
-568
20
582
900
868
500
-65
-604
-915
-877
-497
90
645
953
904
520
-51
-608
926
532
-50
-609
-936
-904
-509
91
657
972
923
534
-49
-605
-926
-885
-499
85
639
947
889
487
-104
-677
-1009
-977
-596
1
574
892
841
448
-134
-691
-1018
-984
-593
1
564
885
850
475
-96
-644
-958
-912
-518
82
660
980
935
543
-50
-627
-974
-953
-575
10
566
875
831
440
-152
-716
-1039
-997
-595
-746
-1075
-1026
-601
36
632
949
891
482
-127
-700
-1030
-987
-579
40
629
951
894
477
-135
-708
-1028
-968
-543
85
675
1000
947
535
-81
-670
-1003
-956
-535
85
651
953
873
445
-176
-765
-1100
-1053
-629
14
624
965
922
514
-88
-661
-989
-946
-547
62
645
966
902
481
-132
-709
-1026
-959
-524
123
726
1067
1029
126
728
1056
993
560
-84
-696
-1051
-1016
-593
47
659
996
935
507
-122
-721
-1064
-1016
-586
65
668
1000
945
514
-125
-737
-1092
-1048
-616
38
662
1012
959
533
-100
-704
-1054
-1017
-595
50
663
994
935
508
-125
-728
-1074
-1023
-585
66
679
1019
966
533
-114
-726
-1084
-1046
-620
34
657
1003
949
523
-109
-714
-1052
-989
-536
130
752
1093
1033
599
-55
-683
-1049
-1018
-598
41
651
987
926
500
-134
-734
-1074
-1017
-580
76
697
1037
982
552
-90
-702
-1045
-991
-555
107
731
1069
1006
570
-72
-681
-1032
-985
-547
108
725
1061
1002
572
-72
-689
-1040
-986
-547
108
728
-1109
-658
24
673
1037
989
551
-104
-728
-1076
-1009
-548
138
789
1154
1109
669
9
-626
-995
-958
-523
142
769
1113
1045
590
-80
-719
-1085
-1036
-587
93
734
1088
1029
578
-88
-719
-1078
-1027
-576
101
746
1109
1059
610
-63
-714
-1089
-1044
-601
74
711
1062
1001
556
-107
-744
-1109
-1063
-616
64
712
1076
1035
605
-47
1088
1036
582
-109
-778
-1168
-1134
-685
6
663
1038
999
555
-116
-762
-1141
-1101
-640
64
737
1111
1049
583
-113
-781
-1179
-1152
-705
-8
662
1039
997
545
-143
-807
-1192
-1155
-704
-8
670
1062
1029
583
-90
-733
-1104
-1055
-589
114
785
1164
1109
650
-41
-715
-1118
-1090
-641
46
701
1070
1011
538
-162
-829
-1222
-1188
-17
-699
-1103
-1075
-621
86
783
1196
1178
735
43
-638
-1048
-1028
-571
145
839
1240
1205
744
29
-673
-1102
-1099
-663
35
716
1117
1088
633
-67
-754
-1177
-1158
-703
15
716
1127
1100
652
-44
-721
-1133
-1109
-656
61
764
1173
1145
690
-19
-717
-1145
-1136
-687
24
724
1137
1113
662
-37
-724
-1137
-1122
-665
57
757
1172
1147
699
2
-688
-1110
-1095
-640
80
785
1192
1154
688
-24
-720
-1142
-1128
-683
21
710
1110
1079
633
-65
-753
-1171
-1164
-724
-27
664
1077
1059
618
-73
-758
-1176
-1165
-707
18
723
1144
1122
671
-31
-725
-1151
-1146
-703
7
705
1123
1105
661
-39
1176
1178
747
45
-661
-1113
-1122
-681
43
772
1221
1221
775
61
-650
-1096
-1112
-677
36
754
1198
1202
764
55
-660
-1115
-1131
-686
42
773
1218
1219
783
85
-620
-1060
-1068
-631
88
805
1240
1238
802
90
-629
-1088
-1112
-687
21
738
1185
1190
751
37
-684
-1142
-1163
-736
-23
693
1135
1139
704
5
-702
-1152
-1174
-743
-26
705
-1117
-700
7
726
1181
1197
767
63
-651
-1109
-1138
-721
-9
723
1188
1209
791
93
-624
-1090
-1126
-712
-6
719
1179
1208
797
105
-613
-1090
-1134
-717
-6
717
1170
1188
765
63
-651
-1115
-1152
-742
-47
671
1132
1170
760
66
-642
-1101
-1140
-733
-30
699
1165
1204
805
120
-592
-1061
-1096
-672
50
796
1272
1315
910
582
1053
1095
701
20
-696
-1172
-1224
-823
-128
592
1058
1103
713
38
-667
-1143
-1198
-806
-119
602
1076
1125
733
53
-656
-1128
-1180
-783
-94
621
1085
1133
748
78
-631
-1109
-1170
-778
-93
621
1086
1124
727
42
-677
-1161
-1220
-826
-134
587
1057
1103
706
23
-683
-1158
-1216
-825
-132
595
1068
1116
724
46
-662
-1132
-1187
-789
-94
626
1087
1126
726
34
-691
-1183
-1250
-858
-164
566
1037
1085
696
23
-678
-1140
-1187
-787
-97
622
1094
1147
763
88
-611
-1076
-1126
-736
-45
675
1146
1191
796
118
-592
-1077
-1142
-752
-66
643
1101
1145
758
78
-646
-1131
-1191
-798
-595
-1063
-1135
-766
-101
597
1056
1111
745
100
-578
-1033
-1084
-714
-67
617
1062
1110
731
67
-633
-1107
-1172
-805
-152
534
980
1017
639
-10
-693
-1152
-1216
-849
-185
515
973
1023
666
40
-633
-1096
-1151
-770
-97
605
1065
1120
750
100
-587
-1043
-1097
-722
-64
628
1084
1136
755
95
-597
-1060
-1122
-752
-91
609
-1070
-702
-45
645
1103
1167
814
179
-502
-966
-1028
-659
-7
673
1115
1159
788
140
-542
-1005
-1078
-720
-73
611
1062
1112
746
107
-575
-1042
-1105
-734
-85
586
1027
1079
719
77
-606
-1061
-1116
-751
-103
577
1023
1072
699
59
-605
-1047
-1101
-738
-95
572
1005
1051
691
61
-609
-1063
-1119
-748
-96
578
1022
1082
735
112
1097
1125
742
96
-583
-1041
-1097
-736
-101
560
987
1016
639
-3
-668
-1103
-1136
-757
-110
562
1002
1050
684
51
-606
-1031
-1057
-669
-7
682
1124
1164
790
151
-514
-962
-1019
-654
-9
651
1067
1089
715
82
-577
-1008
-1047
-672
-26
649
1092
1140
780
150
-511
-950
-993
-619
29
694
1121
1153
785
149
-522
-971
-1028
-666
-31
625
1048
1078
696
42
-642
-1091
-1128
-733
-65
619
1056
1089
721
96
-556
-985
-1023
-639
24
703
1135
1165
790
148
-522
-963
-1009
-641
2
666
1090
1115
733
86
-588
-1040
-1091
-713
-52
629
1057
1084
703
65
-594
-1030
-1068
-684
-23
655
1086
1113
733
503
925
970
605
-28
-683
-1116
-1152
-766
-101
582
1026
1076
730
129
-511
-944
-993
-625
31
714
1161
1212
849
212
-458
-919
-993
-649
-20
633
1057
1092
720
89
-582
-1038
-1107
-742
-94
587
1036
1080
707
62
-596
-1010
-1029
-643
-1
662
1088
1117
735
86
-584
-1030
-1073
-691
-36
623
1033
1043
655
-2
-685
-1146
-1197
165
-527
-996
-1066
-707
-56
624
1063
1103
724
71
-619
-1081
-1142
-773
-120
562
1002
1041
665
18
-649
-1089
-1127
-737
-70
606
1032
1056
682
41
-631
-1082
-1135
-766
-112
569
1016
1056
677
27
-649
-1106
-1168
-799
-136
559
1015
1076
724
108
-549
-993
-1053
-693
-50
631
1091
1156
807
178
-494
-949
-1007
-652
-17
644
-1087
-715
-55
636
1092
1153
805
191
-476
-945
-1031
-689
-71
581
1013
1075
733
111
-551
-996
-1051
-687
-40
632
1074
1111
737
79
-604
-1057
-1098
-709
-43
659
1132
1197
832
173
-527
-1014
-1100
-733
-71
629
1081
1139
797
182
-480
-942
-1020
-685
-59
612
1056
1105
728
83
-582
-1017
-1055
-683
-30
649
1091
1125
736
83
-601
-1057
-1112
-739
-75
617
1071
1123
764
128
-548
-996
-1032
-632
39
723
1162
1196
813
165
-508
-962
-1025
-666
-20
669
1137
1211
866
237
-433
-901
-980
-639
-18
643
1077
1129
777
148
-517
-964
-1015
-646
8
698
1139
1186
812
164
-515
-974
-1039
58
-655
-1119
-1155
-743
-39
671
1142
1205
843
195
-497
-981
-1076
-745
-124
532
957
995
637
33
-594
-1011
-1036
-644
30
718
1149
1172
773
109
-585
-1059
-1134
-782
-137
542
1002
1074
719
83
-589
-1049
-1119
-771
-142
530
970
1018
644
7
-668
-1128
-1188
-817
-161
519
968
1037
689
55
-629
-1100
-1180
-838
-225
436
-956
-585
45
678
1080
1086
686
35
-618
-1038
-1074
-686
-22
670
1122
1168
810
186
-482
-948
-1023
-689
-80
565
1003
1071
740
121
-542
-995
-1057
-702
-46
649
1108
1155
768
90
-621
-1103
-1174
-798
-127
579
1055
1145
818
210
-458
-923
-1030
-712
-103
545
973
1024
672
59
-591
-1021
-1055
-671
-9
676
1133
1189
823
166
-537
1072
696
58
-606
-1037
-1053
-627
74
779
1205
1214
795
104
-608
-1074
-1119
-711
-18
707
1188
1253
893
237
-455
-935
-1023
-689
-64
593
1013
1037
667
39
-600
-1010
-1024
-628
41
724
1155
1176
772
86
-642
-1146
-1226
-855
-188
523
1014
1116
803
210
-445
-896
-976
-655
-55
591
1027
1082
749
153
-484
-914
-983
-619
35
710
1131
1150
750
65
-659
-1163
-1253
-882
-193
550
1081
1200
880
251
-427
-902
-997
-664
-48
608
1040
1091
741
129
-517
-950
-999
-628
32
704
1133
1164
777
111
-600
-1092
-1172
-797
-112
605
1104
1203
869
244
-445
-931
-1037
-702
-53
651
-1051
-657
-26
616
1032
1072
704
80
-571
-1015
-1083
-726
-72
619
1060
1107
749
129
-530
-977
-1026
-652
-5
671
1111
1147
750
77
-633
-1116
-1171
-781
-98
609
1065
1116
744
108
-573
-1042
-1120
-766
-118
566
1004
1058
715
101
-555
-1005
-1062
-703
-57
613
1060
1106
737
75
-614
-1100
-1194
-865
-230
459
942
1039
707
89
1008
1096
735
88
-590
-1037
-1090
-729
-67
646
1123
1192
821
154
-556
-1037
-1101
-721
-59
630
1096
1175
822
163
-553
-1058
-1150
-783
-108
598
1055
1100
718
60
-637
-1092
-1134
-728
-45
647
1089
1113
727
79
-593
-1033
-1068
-665
17
718
1168
1199
806
147
-536
-994
-1053
-681
-25
652
1084
1103
709
65
-587
-1017
-1056
-683
-26
-1064
-1135
-785
-138
565
1044
1126
780
161
-500
-956
-1022
-656
-27
619
1032
1066
686
33
-638
-1071
-1121
-761
-113
565
1016
1081
735
117
-545
-1018
-1111
-776
-149
520
983
1075
743
119
-549
-1013
-1091
-741
-84
621
1077
1137
781
143
-554
-848
-198
478
925
994
656
25
-649
-1119
-1197
-843
-168
543
1016
1073
686
23
-677
-1155
-1233
-861
-185
524
993
1060
691
36
-664
-1137
-1204
-837
-183
497
946
1003
652
27
-651
-1110
-1173
-797
-130
572
1034
1097
738
88
-596
-1065
-1138
-781
-127
563
1019
1075
714
74
-606
-1076
-1157
-808
-172
514
976
1039
661
1
-705
-1184
658
13
-660
-1102
-1140
-762
-106
568
1000
1053
681
33
-641
-1075
-1115
-739
-94
582
1022
1082
731
101
-578
-1055
-1135
-787
-146
540
1005
1086
738
104
-588
-1058
-1115
-735
-75
615
1081
1137
777
130
-568
-1050
-1136
-776
-101
631
1121
1183
812
149
-564
-1055
-1131
-755
-87
610
1064
1107
712
46
-637
-1078
-1112
-710
-38
658
-1148
-778
-114
585
1035
1078
687
18
-694
-1176
-1229
-839
-148
567
1035
1098
737
77
-633
-1123
-1197
-833
-158
570
1064
1142
767
93
-622
-1121
-1206
-844
-174
528
993
1055
704
58
-639
-1131
-1226
-883
-241
457
918
984
631
-10
-688
-1153
-1216
-840
-166
528
978
1033
667
13
-674
-1136
-1196
-825
-161
540
1025
1106
730
561
1032
1078
687
21
-662
-1117
-1157
-749
-41
683
1164
1220
828
139
-595
-1107
-1203
-844
-176
555
1053
1129
753
86
-621
-1085
-1146
-778
-133
538
978
1018
630
-47
-735
-1188
-1228
-829
-133
571
1018
1067
707
67
-622
-1093
-1141
-733
-42
663
1118
1139
724
48
-644
-1106
-1162
-774
-81
659
1148
1191
774
74
-653
-1146
-1218
-836
-148
576
1064
1121
742
68
-644
-1118
-1162
-770
-99
602
1065
1136
774
119
-579
-1061
-1134
-768
-100
599
1066
1111
719
46
-652
-1119
-1170
-799
-139
553
999
1037
657
5
-715
-1212
-1291
-926
-255
461
945
1028
680
32
-657
-1119
-1174
-774
-77
635
-1187
-802
-117
606
1064
1084
685
9
-696
-1162
-1213
-838
-181
504
990
1087
743
116
-550
-1005
-1070
-710
-69
601
1017
1037
667
45
-628
-1085
-1134
-736
-53
639
1069
1066
637
-72
-782
-1242
-1265
-841
-122
596
1046
1073
670
-16
-720
-1164
-1188
-766
-67
664
1125
1161
764
89
-600
-1054
-1091
-680
6
701
1124
1133
746
727
1183
1223
829
160
-552
-1000
-1021
-599
110
845
1325
1364
935
200
-555
-1043
-1070
-622
104
799
1210
1187
727
29
-688
-1176
-1258
-911
-255
487
983
1052
655
-49
-801
-1315
-1394
-988
-280
450
932
988
603
-67
-769
-1236
-1282
-882
-200
509
974
1016
645
-10
-689
-1129
-1156
-764
-98
596
1064
1117
729
48
-659
-1125
-1166
4
-687
-1147
-1186
-779
-91
598
1029
1055
646
-28
-740
-1221
-1244
-808
-83
674
1147
1168
754
36
-697
-1168
-1216
-830
-124
624
1110
1160
746
62
-619
-1049
-1025
-550
182
885
1321
1350
920
226
-486
-956
-972
-539
176
905
1349
1327
861
104
-647
-1130
-1176
-760
-52
689
1132
1149
741
80
-613
-1107
-1207
-827
-122
612
1109
1185
763
21
-755
-1264
-1303
-909
-232
465
918
958
578
-105
-819
-1279
-1309
-901
-197
523
983
1021
626
-44
-706
-1134
-1135
-678
47
747
1156
1144
709
6
-706
-1134
-1107
-625
108
828
1266
1215
724
8
-696
-1144
-1165
-746
-30
680
1117
1131
714
10
1028
1011
598
-74
-738
-1148
-1154
-746
-83
593
1010
1045
658
11
-665
-1115
-1149
-752
-80
614
1080
1142
754
54
-687
-1181
-1226
-789
-53
685
1157
1155
733
65
-634
-1085
-1142
-788
-83
665
1111
1127
694
-48
-749
-1204
-1238
-778
-59
615
1044
1039
588
-103
-786
-1194
-1183
-755
-82
600
1013
1003
589
-86
-761
-1185
842
167
-528
-970
-987
-576
93
746
1149
1138
705
57
-591
-976
-980
-609
38
691
1099
1097
645
-41
-724
-1134
-1093
-627
88
741
1102
1065
655
11
-629
-1021
-995
-556
123
771
1165
1135
701
1
-710
-1170
-1178
-716
47
793
1246
1244
795
98
-583
-1017
-1061
-703
-42
651
1114
1149
733
50
-646
-1106
-1114
-687
18
736
1178
1202
-35
728
1158
1131
705
9
-667
-1104
-1140
-770
-116
578
1067
1135
743
32
-699
-1180
-1215
-786
-60
655
1066
1058
645
-7
-683
-1114
-1117
-716
-64
623
1070
1126
753
120
-548
-990
-1045
-700
-55
610
1046
1081
718
72
-606
-1057
-1095
-698
-44
617
995
966
538
-116
-761
-1158
-1181
-784
-147
527
983
1036
675
-5
-731
-1216
-1252
-786
-64
631
1052
1024
581
-103
-765
-1175
-1180
-781
-78
633
1080
1097
684
13
-706
-1192
-1229
-839
-171
512
943
992
643
17
-634
-1056
-1087
-662
68
809
1247
1226
762
56
-621
-1023
-1025
-620
20
679
1098
1123
749
111
-549
-987
-1041
37
-639
-1064
-1092
-698
-43
632
1066
1099
731
80
-617
-1099
-1162
-749
-51
673
1146
1151
733
64
-598
-1018
-1066
-690
-59
603
1036
1053
655
-50
-763
-1160
-1108
-636
59
705
1077
1046
654
52
-582
-1021
-1096
-722
-60
637
1090
1111
703
17
-695
-1140
-1169
-771
-98
606
1057
1091
697
21
-676
-1125
-1147
-766
-117
540
958
-888
-221
467
935
1014
668
37
-631
-1078
-1117
-742
-92
600
1038
1040
625
-51
-761
-1220
-1272
-896
-213
496
957
1023
680
66
-601
-1021
-1057
-688
-40
599
978
972
543
-129
-807
-1240
-1253
-826
-110
647
1140
1193
791
97
-627
-1121
-1204
-837
-158
532
993
1029
646
-4
-690
-1138
-1157
-745
-24
705
1164
1177
735
20
-715
-1201
674
24
-656
-1106
-1132
-731
-55
642
1054
1039
591
-96
-792
-1225
-1201
-747
-15
739
1233
1290
895
209
-532
-1036
-1106
-738
-59
650
1091
1108
683
-11
-719
-1173
-1183
-739
-11
719
1158
1153
693
-46
-802
-1305
-1364
-952
-254
479
967
1032
676
43
-620
-1034
-1048
-638
31
686
1062
1026
569
-145
-862
-1317
-1325
-869
-120
626
1095
1106
667
-33
-745
-1195
-1230
-842
-167
505
924
944
551
-114
-777
-1185
-1158
-686
51
795
1251
1251
806
87
-638
-1123
-1186
-788
-74
663
1135
1177
776
70
-655
-1127
-1181
-781
-97
581
994
977
536
-156
-855
-1286
-1280
-818
-51
754
1280
-800
-67
676
1135
1149
734
53
-621
-1048
-1043
-594
120
836
1264
1240
786
75
-627
-1047
-1049
-608
102
781
1164
1124
662
-59
-783
-1265
-1305
-918
-252
445
898
925
518
-147
-800
-1207
-1165
-722
-33
672
1100
1127
737
66
-615
-1083
-1138
-730
-42
657
1069
1057
618
-91
-796
-1251
-1272
-879
-213
460
890
921
527
-122
-793
1037
558
-145
-833
-1235
-1232
-809
-140
514
937
981
629
23
-618
-1045
-1055
-628
80
804
1253
1230
795
105
-590
-1026
-1054
-653
-6
650
1033
1015
599
-77
-783
-1230
-1262
-836
-113
604
1053
1058
639
-29
-653
-992
-958
-509
193
867
1257
1259
833
155
-531
-971
-996
-584
104
771
1193
1202
781
101
-581
-1044
-1076
-670
-20
-1054
-1107
-707
-30
645
1038
1018
570
-119
-822
-1232
-1233
-811
-116
581
1013
999
610
-55
-681
-1067
-1016
-549
198
927
1346
1334
878
160
-555
-991
-1010
-603
57
725
1148
1135
710
24
-667
-1121
-1136
-707
7
724
1153
1147
702
13
-667
-1073
-1053
-631
66
781
1246
1254
857
188
-515
-973
-982
-531
150
831
1225
1157
693
0
-698
-1150
-1172
-780
-119
563
987
982
582
-90
-787
-1240
-1264
-823
-122
615
1063
1079
655
-19
-675
-1090
-1073
-645
64
777
1210
1234
802
124
-551
-1008
-1023
-581
120
785
1201
1185
750
74
-596
-1031
-1077
-686
-3
698
1145
1165
760
89
-599
-1034
-1022
-212
-928
-1371
-1414
-1036
-352
403
921
1021
693
25
-718
-1185
-1190
-758
-46
687
1153
1195
821
161
-548
-1023
-1078
-698
-57
606
1014
1034
675
41
-643
-1149
-1219
-865
-207
479
956
983
566
-85
-719
-1125
-1137
-687
9
696
1150
1234
860
214
-486
-959
-1028
-644
31
724
1171
1201
820
138
-576
-1108
-1231
-898
-214
515
991
-810
-91
650
1125
1171
770
97
-576
-996
-991
-585
94
807
1273
1338
970
287
-459
-961
-1059
-702
-70
567
957
945
525
-92
-692
-1073
-1099
-729
-78
568
976
993
603
-45
-729
-1139
-1146
-715
-47
648
1126
1206
896
294
-389
-883
-947
-570
76
749
1167
1170
774
106
-592
-1083
-1160
-782
-112
620
1103
1137
728
64
-631
-1144
886
298
-311
-718
-758
-366
289
956
1356
1347
926
259
-455
-910
-983
-623
-2
661
1063
1068
676
29
-668
-1184
-1297
-962
-329
320
780
839
501
-112
-760
-1197
-1233
-874
-236
455
920
966
605
-32
-675
-1100
-1102
-652
47
720
1156
1207
860
249
-408
-883
-951
-579
76
736
1177
1219
828
162
-511
-939
-987
-609
44
709
1128
1178
816
161
-524
-981
-1024
-674
-26
637
1068
1132
795
196
-456
-926
-1019
-670
-30
644
1075
1141
784
138
-591
-1086
-1146
-785
-130
529
961
931
530
-99
-749
-1208
-1289
-927
-286
390
838
898
568
-53
-714
-1141
-1158
-758
-83
646
-982
-555
119
838
1301
1328
931
258
-420
-878
-936
-569
70
727
1133
1143
738
49
-660
-1129
-1187
-821
-219
397
800
817
425
-209
-861
-1304
-1313
-876
-144
588
1090
1147
766
141
-507
-911
-931
-548
66
702
1124
1164
757
106
-567
-1014
-1078
-708
-107
456
774
739
322
-336
-1006
-1409
-1395
-930
-173
557
1003
1001
579
-91
-727
1115
748
121
-531
-962
-1006
-641
9
699
1142
1173
804
171
-508
-974
-1074
-750
-143
496
879
881
492
-135
-782
-1203
-1251
-858
-190
501
960
1025
687
59
-627
-1080
-1107
-676
52
800
1268
1288
884
238
-402
-797
-801
-421
211
834
1202
1185
798
158
-509
-930
-951
-555
62
673
1014
965
519
-146
-816
-1224
-1190
-740
-71
615
-1014
-614
9
645
1038
1046
679
64
-562
-966
-957
-539
134
799
1205
1196
773
84
-594
-1005
-1010
-596
76
726
1122
1072
645
-31
-719
-1149
-1171
-763
-83
623
1040
1038
608
-73
-749
-1185
-1212
-799
-130
532
921
944
584
-25
-704
-1147
-1182
-776
-75
619
1026
1012
582
-83
-760
-1160
-1138
-723
-54
593
976
960
532
-105
-750
-1128
-1120
-690
-19
665
1063
1067
658
4
-640
-1042
-1035
-593
106
823
1240
1237
809
142
-518
-943
-964
-578
87
736
1146
1132
719
47
-613
-1058
-1063
-649
24
698
1083
1039
605
-13
-647
-1025
-1029
-617
41
702
1106
1099
666
-17
893
916
525
-106
-746
-1145
-1146
-745
-42
599
1022
1020
636
24
-586
-974
-1000
-602
22
704
1138
1187
841
188
-468
-900
-946
-551
97
732
1096
1066
624
-29
-706
-1087
-1094
-681
-45
630
1016
1025
594
-85
-740
-1175
-1188
-763
-43
680
1147
1181
778
123
-536
-922
-919
-518
129
749
1100
1080
686
33
-604
-1025
-1019
-644
-7
-990
-1085
-720
-127
522
899
871
455
-196
-812
-1224
-1206
-797
-123
487
878
886
553
-64
-680
-1049
-1046
-611
88
786
1231
1270
835
142
-545
-984
-988
-603
47
702
1086
1039
587
-98
-780
-1193
-1245
-855
-211
435
787
754
320
-344
-1021
-1460
-1454
-1000
-284
448
866
899
500
-172
-847
-1226
-1208
-763
-33
648
1050
1013
17
645
1034
1020
618
-16
-658
-1039
-996
-588
61
682
1096
1071
659
10
-628
-1034
-1034
-635
12
641
1015
978
552
-98
-743
-1126
-1122
-713
-78
541
910
879
454
-199
-831
-1246
-1271
-845
-125
612
1041
1043
626
-33
-673
-1041
-978
-560
84
684
1059
1045
665
61
-578
-1036
-1127
-769
-114
563
961
937
501
-185
-871
-1275
-1247
-797
-104
552
935
962
611
7
-601
-997
-985
-556
161
861
1294
1263
801
69
-651
-1107
-1119
-679
5
653
999
945
496
-180
-826
-1198
-1183
-764
-121
513
910
908
492
-143
-761
-1129
-1083
-604
117
822
1231
1182
719
10
-667
-1080
-1089
-744
-147
-837
-877
-503
141
804
1208
1189
764
102
-545
-964
-971
-565
111
744
1081
1013
571
-119
-822
-1268
-1298
-878
-210
459
857
847
445
-172
-755
-1093
-1063
-656
-15
610
990
943
495
-180
-830
-1198
-1156
-704
14
730
1148
1146
723
49
-644
-1084
-1122
-710
-55
615
1024
1007
587
-109
-754
-1125
-1054
-584
103
781
1185
1189
-117
544
966
991
614
-31
-676
-1060
-1044
-658
-40
573
941
914
506
-129
-773
-1144
-1127
-701
-24
661
1055
1050
659
13
-632
-1018
-993
-571
60
674
1017
988
550
-95
-722
-1064
-1014
-553
166
874
1304
1290
853
161
-519
-965
-1010
-603
86
777
1165
1149
734
84
-589
-1002
-1007
-608
57
702
1074
1012
550
-131
-790
-1172
-1120
-649
-630
-1050
-1028
-582
127
816
1221
1189
726
7
-691
-1127
-1109
-667
14
660
987
876
358
-337
-987
-1359
-1315
-842
-120
568
1010
1040
681
13
-659
-1096
-1095
-673
6
681
1085
1111
698
32
-650
-1052
-1033
-615
26
644
1001
936
501
-180
-848
-1277
-1291
-888
-214
471
924
938
533
-108
-748
-1130
-1072
-588
132
808
1195
1171
722
52
-604
-996
-989
-555
115
768
1155
1135
724
41
-630
-1045
-1030
-613
59
720
1114
1080
620
-75
-754
-1163
-1143
-672
80
800
1245
1242
829
170
-489
-902
-928
-507
166
834
1206
1161
711
29
-641
-1046
-1049
-624
45
695
1071
1050
631
639
1037
1016
595
-53
-686
-1075
-1042
-578
137
825
1220
1187
754
64
-617
-1034
-1053
-652
14
688
1114
1138
749
109
-526
-952
-983
-590
58
709
1073
1037
610
-46
-688
-1076
-1052
-624
48
699
1108
1111
701
18
-651
-1068
-1068
-671
-21
651
1090
1101
699
50
-599
-1016
-1046
-655
13
694
1084
1061
642
3
-639
-1033
-1016
-578
-658
-1062
-1066
-621
111
841
1281
1258
812
129
-522
-907
-888
-462
216
875
1252
1215
768
75
-594
-991
-983
-563
93
729
1100
1065
640
-41
-687
-1082
-1062
-645
38
724
1153
1153
739
92
-561
-980
-1002
-606
54
735
1146
1138
706
26
-639
-1057
-1053
-639
42
715
1142
1158
747
65
-630
-1075
-1122
-731
-56
633
1033
1043
628
-31
-702
1152
712
9
-679
-1065
-1025
-558
149
854
1267
1235
781
59
-635
-1101
-1121
-707
3
699
1114
1104
698
41
-623
-1037
-1036
-621
33
670
1039
989
552
-110
-765
-1152
-1130
-686
32
744
1185
1178
718
-13
-723
-1152
-1167
-739
-53
645
1084
1115
716
44
-631
-1083
-1114
-703
-6
665
1047
993
545
-125
-773
-1162
-1149
-698
4
718
1153
1176
771
83
-622
-1075
-1094
-662
63
788
1218
1219
804
136
-540
-972
-990
-593
57
705
1107
1096
654
-57
-755
-1193
-1194
-750
-50
660
1113
1135
739
72
-594
-1032
-1059
-668
4
677
1115
1142
741
58
-614
-1027
-1002
69
-657
-1130
-1156
-728
-17
690
1136
1154
722
0
-719
-1147
-1134
-705
-14
663
1088
1087
636
-64
-744
-1141
-1121
-661
65
783
1197
1151
707
16
-656
-1087
-1082
-637
69
750
1137
1104
661
-41
-724
-1133
-1102
-658
28
703
1088
1056
616
-50
-689
-1087
-1085
-655
63
782
1199
1175
736
54
-632
-1061
-1078
-640
56
722
1138
1147
124
850
1295
1288
832
110
-618
-1076
-1099
-655
70
818
1266
1270
848
153
-559
-1024
-1059
-652
45
751
1161
1163
746
65
-632
-1069
-1062
-617
113
825
1264
1263
842
130
-581
-1042
-1045
-595
113
819
1247
1243
814
137
-546
-983
-1007
-587
86
764
1169
1156
705
7
-679
-1096
-1085
-623
111
833
1260
1240
758
13
-708
-1147
-1147
-722
5
-1131
-1167
-739
-16
705
1131
1108
659
-32
-720
-1155
-1155
-702
44
783
1227
1222
781
75
-633
-1072
-1053
-557
196
922
1358
1353
906
183
-533
-1017
-1075
-693
-11
680
1112
1112
674
-28
-721
-1141
-1126
-679
23
707
1114
1105
693
27
-640
-1065
-1076
-647
69
831
1321
1351
904
173
-541
-965
-970
-534
169
855
1264
1227
772
45
-676
-1143
-1165
-732
-5
743
1198
1213
765
45
-683
-1135
-1127
-676
63
785
1215
1203
755
65
-604
-987
-957
-486
223
917
1320
1282
805
71
-672
-1146
-1178
-730
-8
694
1098
1084
638
-59
-757
-1183
-1186
-727
-14
705
1134
1148
126
838
1234
1189
686
-68
-800
-1251
-1254
-819
-115
574
994
979
547
-134
-800
-1224
-1210
-776
-62
664
1127
1141
705
-4
-709
-1143
-1124
-670
67
784
1228
1229
780
52
-693
-1153
-1184
-759
-82
607
1041
1056
636
-72
-787
-1238
-1235
-771
-48
667
1085
1087
659
-26
-715
-1122
-1112
-648
76
810
1270
1268
809
67
-639
-1074
820
112
-595
-1029
-1034
-580
142
865
1286
1276
835
139
-561
-1018
-1055
-657
32
693
1096
1052
602
-110
-801
-1224
-1212
-764
-45
680
1134
1139
712
2
-683
-1097
-1071
-618
94
806
1244
1259
829
128
-590
-1038
-1058
-626
60
745
1149
1128
689
-25
-757
-1223
-1246
-828
-117
591
1024
1023
616
-53
-732
-1157
-1159
-696
35
764
-1217
-779
-45
670
1075
1045
605
-66
-727
-1123
-1099
-628
113
838
1279
1272
824
110
-606
-1063
-1100
-692
-6
698
1131
1132
669
-66
-787
-1228
-1239
-824
-153
527
950
964
548
-136
-821
-1221
-1180
-693
63
798
1234
1226
765
46
-644
-1059
-1044
-612
75
761
1187
1179
723
-15
-742
-1197
-1202
-769
-98
559
952
934
508
-180
-863
-1286
-1257
-772
-31
711
1161
1168
771
109
-559
-997
-1010
-585
113
829
1273
1296
859
155
-556
-999
-1032
-637
40
700
1102
1054
576
-177
-911
-1340
-1319
-837
-78
657
1076
1066
649
-10
-679
-1119
-1125
-691
37
775
1230
1238
819
126
-594
1120
742
70
-609
-1061
-1052
-595
139
850
1266
1258
812
120
-578
-997
-1010
-592
85
733
1102
1038
574
-157
-886
-1362
-1397
-962
-221
517
977
999
586
-99
-785
-1215
-1203
-740
-11
711
1150
1167
758
85
-588
-1005
-988
-548
158
854
1255
1205
698
-62
-807
-1272
-1283
-852
-171
494
909
917
505
-172
-853
-1275
-1258
-801
-79
-1264
-1294
-863
-172
510
931
934
523
-144
-806
-1204
-1185
-731
-4
717
1154
1151
716
12
-676
-1085
-1051
-611
77
747
1169
1170
732
30
-697
-1170
-1207
-796
-115
563
982
977
551
-143
-814
-1221
-1199
-746
-34
671
1110
1125
710
28
-654
-1086
-1080
-648
80
803
1237
1213
775
68
-630
-1073
-1094
-685
-18
642
1028
988
540
824
1229
1182
713
-11
-717
-1173
-1196
-776
-75
623
1048
1056
626
-86
-789
-1216
-1204
-754
-39
676
1108
1100
666
-16
-686
-1088
-1053
-599
111
816
1229
1218
791
110
-597
-1051
-1070
-637
65
752
1149
1101
622
-93
-787
-1213
-1213
-786
-96
1180
734
52
-616
-1036
-1028
-588
103
790
1215
1215
778
74
-627
-1083
-1094
-658
65
776
1200
1196
749
37
-663
-1085
-1064
-617
67
743
1145
1139
724
57
-613
-1042
-1049
-623
83
793
1220
1210
754
32
-680
-1109
-1087
-636
67
738
1133
1108
686
20
-659
-1096
-1120
-698
3
703
1132
1144
722
26
-671
-1104
-1096
-656
47
735
1156
1144
707
715
1136
1119
670
-23
-706
-1117
-1095
-638
71
769
1194
1200
770
84
-610
-1051
-1067
-639
58
745
1153
1141
711
17
-669
-1094
-1086
-650
56
756
1183
1172
732
26
-673
-1106
-1100
-647
69
778
1193
1173
729
50
-619
-1029
-1020
-583
113
794
1195
1164
710
14
-666
-1075
-1064
-622
67
747
1158
1146
715
28
-662
-1087
-1078
-636
75
-1234
-1205
-739
-19
674
1071
1053
608
-77
-748
-1159
-1158
-742
-58
624
1040
1038
614
-73
-757
-1177
-1170
-731
-34
657
1071
1058
629
-57
-738
-1166
-1169
-732
-25
679
1103
1096
666
-27
-712
-1131
-1122
-688
13
702
1121
1112
678
-14
-707
-1137
-1132
-694
7
696
1123
1120
690
2
-692
-1127
-1136
-703
-5
694
1125
1124
696
686
1099
1081
636
-50
-725
-1139
-1131
-689
17
708
1125
1109
678
-2
-675
-1089
-1081
-641
64
753
1172
1170
734
48
-638
-1068
-1075
-645
57
741
1155
1137
700
9
-681
-1113
-1113
-673
33
730
1150
1133
685
-14
-707
-1129
-1119
-673
28
714
1130
1127
703
23
-656
-1084
-1089
-657
44
740
1158
1148
707
3
-701
-1134
-1134
-698
9
711
1130
1116
677
-17
-699
-1121
-1114
-673
27
724
1142
1132
705
23
-661
-1085
-1081
-640
65
755
1170
1163
732
52
-632
-1064
-1077
-657
37
737
1160
1150
712
8
-688
-1115
-1106
-668
36
736
1158
1144
709
22
-668
-1092
659
-34
-717
-1137
-1125
-690
10
702
1128
1131
716
39
-651
-1077
-1066
-620
90
783
1190
1165
708
5
-683
-1114
-1112
-681
16
706
1130
1126
698
13
-677
-1113
-1119
-675
44
749
1172
1166
732
43
-639
-1048
-1029
-569
136
825
1242
1225
791
99
-586
-1018
-1031
-609
81
775
1193
1182
738
33
-660
-1096
-1089
-644
68
764
1176
1162
716
797
1206
1176
719
7
-695
-1136
-1138
-701
9
705
1122
1105
662
-35
-725
-1139
-1123
-671
44
748
1173
1164
732
45
-637
-1052
-1041
-599
104
791
1201
1176
721
3
-703
-1144
-1148
-714
-17
677
1096
1081
646
-43
-722
-1141
-1134
-684
32
745
1177
1179
748
55
-639
-1068
-1056
-604
115
821
1241
1214
762
56
-646
-1090
-1104
-682
6
-1209
-1200
-759
-47
648
1066
1059
630
-49
-717
-1115
-1097
-642
77
778
1196
1176
733
28
-675
-1110
-1113
-676
31
733
1152
1125
674
-37
-735
-1166
-1171
-735
-32
664
1081
1071
643
-41
-721
-1135
-1110
-646
82
797
1228
1225
784
75
-638
-1080
-1085
-650
53
742
1161
1150
713
10
-684
-1124
-1133
-703
3
707
1131
1113
663
-50
-753
-1177
-1164
-696
42
769
1202
1190
750
49
-643
-1073
-1073
-639
60
750
1157
1140
699
1
-691
-1119
-1117
-684
15
705
1119
1097
654
-48
-750
-1184
-1171
-711
19
737
1177
1185
757
72
-615
-1045
-1045
-605
106
813
-1156
-723
-25
665
1074
1054
608
-97
-790
-1214
-1201
-757
-40
664
1081
1054
597
-115
-821
-1257
-1250
-800
-79
649
1090
1093
657
-39
-724
-1150
-1147
-705
3
697
1109
1084
623
-93
-796
-1232
-1227
-773
-51
659
1073
1048
589
-127
-835
-1271
-1266
-815
-93
622
1062
1066
638
-53
-738
-1156
-1141
-689
29
722
1128
1093
631
-94
1169
1144
687
-28
-728
-1157
-1153
-708
3
708
1129
1114
664
-49
-753
-1186
-1178
-731
-14
695
1117
1106
672
-20
-704
-1123
-1112
-665
53
762
1186
1169
710
-4
-713
-1151
-1148
-701
11
716
1146
1133
683
-28
-733
-1167
-1157
-700
25
738
1165
1148
699
-7
-707
-1140
-1132
-678
45
755
1179
1163
707
-11
-717
-1151
-1145
-44
-757
-1199
-1196
-744
-21
694
1130
1121
677
-30
-728
-1158
-1152
-698
23
737
1158
1147
695
-21
-733
-1174
-1170
-722
0
718
1148
1134
685
-30
-737
-1176
-1175
-729
-7
704
1130
1114
664
-43
-742
-1177
-1166
-706
26
749
1190
1185
729
9
-705
-1149
-1152
-706
9
716
1140
1125
669
-47
-744
-1173
-1160
-702
22
732
1157
1143
691
-23
-730
-1164
-1159
-705
27
746
1177
1170
725
11
-694
-1128
-1120
-669
46
746
1165
1140
686
-31
-734
-1165
-1144
-679
51
763
1183
1153
690
-19
-720
-1151
-1142
-682
43
753
1181
1171
722
12
-691
-1119
-1106
-652
72
779
1199
1174
78
793
1219
1202
755
37
-676
-1121
-1121
-671
54
775
1208
1198
752
47
-655
-1090
-1090
-648
69
769
1184
1159
698
-13
-716
-1143
-1132
-676
45
761
1196
1183
739
29
-683
-1125
-1128
-685
31
745
1179
1167
719
7
-693
-1125
-1114
-657
70
783
1207
1184
724
1
-715
-1151
-1146
-691
37
751
1184
1177
730
21
-686
-1129
-1133
-687
31
-1151
-1143
-692
30
743
1174
1160
706
-16
-727
-1175
-1182
-739
-24
687
1119
1115
673
-34
-744
-1194
-1205
-762
-42
671
1106
1097
653
-49
-747
-1179
-1166
-707
27
753
1195
1188
739
18
-700
-1145
-1149
-708
9
719
1145
1138
697
-7
-719
-1161
-1170
-725
-7
699
1124
1107
657
-46
-743
-1170
-1161
-707
23
742
1184
1178
735
712
1141
1130
683
-29
-735
-1172
-1168
-721
6
730
1172
1173
732
20
-691
-1136
-1142
-698
20
728
1147
1125
675
-38
-744
-1176
-1170
-714
11
737
1176
1170
723
3
-707
-1152
-1155
-709
14
733
1170
1167
724
19
-682
-1121
-1119
-677
42
754
1177
1153
696
-18
-729
-1166
-1163
-715
14
741
1188
1188
749
43
-664
-1103
-1105
-660
52
757
1178
1162
712
1
-700
-1134
-1125
-670
59
779
1213
1205
762
49
-660
-1109
-1116
-675
43
759
1191
1183
737
32
-671
-1109
-1104
-657
63
775
1209
1196
746
34
-677
-1115
-1111
-666
55
773
1209
1204
765
55
-653
-1097
-1104
-664
52
-1176
-1173
-726
-8
700
1124
1108
657
-54
-758
-1191
-1186
-729
-1
715
1144
1130
681
-27
-725
-1156
-1151
-703
13
719
1149
1139
692
-20
-721
-1152
-1152
-704
10
715
1136
1116
665
-41
-743
-1178
-1172
-726
-10
700
1127
1119
677
-31
-727
-1163
-1160
-711
7
715
1137
1124
679
-24
-719
-1149
-1143
-697
20
729
1153
1139
8
713
1131
1114
669
-34
-729
-1162
-1159
-710
1
706
1130
1116
673
-28
-724
-1151
-1146
-701
11
713
1135
1118
675
-25
-720
-1151
-1152
-713
-2
697
1119
1099
651
-51
-746
-1174
-1171
-726
-9
695
1117
1105
665
-34
-730
-1159
-1154
-715
-6
694
1116
1104
659
-42
-733
-1160
-1150
-708
4
704
1120
1104
659
-40
-738
-1167
770
76
-609
-1034
-1029
-591
109
801
1216
1197
756
61
-626
-1050
-1044
-602
105
800
1206
1187
748
53
-631
-1056
-1055
-620
80
770
1184
1172
734
43
-646
-1073
-1070
-633
67
757
1170
1150
711
13
-675
-1098
-1095
-654
52
751
1167
1152
711
15
-673
-1099
-1100
-667
30
723
1139
1123
685
-10
-693
-1115
-1111
-670
35
729
1143
1130
693
3
-678
-1102
-1098
-658
42
734
1155
1144
707
15
-674
-1103
-1107
-676
19
707
1120
1106
665
-29
-715
-1137
-1133
-697
-1
686
1100
1086
652
-37
-725
-1155
-1151
-712
-6
694
1114
1096
655
-39
-725
-1146
-1139
-699
-1
-1100
-1097
-666
29
718
1134
1122
689
2
-680
-1104
-1100
-664
32
723
1135
1124
688
-1
-680
-1104
-1106
-680
7
684
1093
1082
658
-22
-702
-1124
-1123
-690
11
704
1123
1118
691
7
-671
-1090
-1087
-654
36
718
1131
1125
699
19
-662
-1086
-1090
-661
33
723
1135
1126
692
4
-676
-1096
-1094
-661
40
731
1152
1145
721
38
-647
1024
596
-91
-776
-1206
-1200
-768
-68
622
1044
1037
606
-84
-764
-1193
-1193
-761
-67
620
1032
1029
593
-87
-776
-1189
-1183
-743
-36
663
1081
1071
651
-39
-725
-1152
-1149
-708
-9
684
1105
1096
658
-26
-718
-1142
-1139
-709
-13
680
1100
1090
655
-38
-723
-1148
-1143
-708
2
696
1114
1110
678
-5
-694
-1118
-1125
-691
-747
-1178
-1166
-721
-9
689
1111
1098
664
-39
-727
-1158
-1162
-728
-22
671
1093
1074
641
-57
-747
-1180
-1176
-746
-46
646
1069
1052
618
-83
-772
-1201
-1196
-758
-50
648
1085
1067
640
-54
-733
-1165
-1160
-722
-17
681
1107
1091
651
-52
-746
-1177
-1176
-743
-34
667
1088
1072
638
-61
-751
-1174
-1171
-720
-9
699
1124
1126
691
3
-685
-1105
-1104
-654
52
753
1172
1161
713
15
-688
-1119
-1126
-680
16
713
1131
1119
672
-26
-720
-1140
-1138
-693
16
717
1135
1119
686
-7
-694
-1117
-1113
-666
31
743
1168
1151
705
6
-696
-1128
-1122
-683
24
723
1141
1130
677
-25
-718
1113
662
-40
-732
-1159
-1155
-723
-5
691
1115
1083
636
-62
-760
-1194
-1184
-734
-20
679
1097
1079
637
-68
-763
-1185
-1183
-737
-20
679
1102
1084
641
-68
-763
-1192
-1187
-744
-39
663
1081
1064
622
-79
-767
-1200
-1187
-750
-27
667
1091
1071
623
-70
-768
-1192
-1182
-729
-18
691
1109
1086
644
-64
-757
-1182
-1174
-57
-741
-1161
-1142
-696
15
714
1133
1104
659
-39
-730
-1155
-1143
-687
26
724
1139
1117
664
-40
-733
-1155
-1141
-686
23
715
1131
1102
653
-56
-742
-1165
-1145
-695
9
706
1105
1074
625
-72
-760
-1184
-1170
-720
-7
693
1110
1088
641
-62
-745
-1170
-1147
-696
25
718
1134
1108
659
-51
-741
-1168
-1155
-701
10
710
-1123
-675
36
728
1137
1112
664
-35
-722
-1136
-1119
-665
46
743
1154
1125
678
-26
-710
-1126
-1107
-655
51
741
1141
1117
666
-37
-723
-1135
-1115
-658
55
750
1155
1129
680
-20
-702
-1121
-1101
-648
58
749
1158
1135
686
-12
-696
-1110
-1089
-633
76
770
1177
1145
695
-4
-689
-1105
-1088
-634
80
774
1181
1153
704
13
-670
-1083
-1066
-613
93
790
1195
1167
712
11
-679
-1095
-1083
-637
71
761
1165
1135
681
-18
-708
-1126
-1109
-652
55
747
1156
1132
684
-18
-700
-1111
-1100
-648
67
756
1160
1130
672
-33
-715
-1130
-1106
-651
62
758
1164
1139
688
-17
-703
-1119
-1102
-650
60
-1146
-1124
-672
37
725
1129
1100
649
-53
-734
-1144
-1122
-667
40
729
1126
1095
645
-54
-737
-1148
-1132
-682
18
703
1100
1070
618
-78
-757
-1170
-1149
-699
11
696
1104
1077
633
-61
-738
-1150
-1128
-672
40
734
1142
1115
666
-27
-708
-1117
-1093
-640
75
763
1170
1138
685
-12
-702
-1113
-1086
-629
80
772
1178
1142
692
-6
-684
1120
669
-25
-699
-1111
-1088
-635
72
756
1156
1125
669
-27
-707
-1111
-1083
-626
85
771
1170
1135
678
-18
-699
-1107
-1087
-637
64
747
1145
1114
661
-38
-723
-1134
-1113
-662
44
732
1130
1095
644
-53
-731
-1144
-1117
-662
40
721
1123
1094
644
-49
-725
-1134
-1113
-664
44
730
1129
1096
644
-57
-736
-1146
-1125
-670
32
-1069
-1045
-596
108
788
1178
1143
692
0
-679
-1082
-1060
-612
87
766
1161
1128
672
-20
-695
-1101
-1080
-629
72
748
1144
1109
666
-26
-701
-1107
-1087
-642
58
736
1127
1089
638
-52
-729
-1136
-1113
-664
34
719
1119
1089
641
-49
-720
-1124
-1098
-650
49
733
1132
1104
660
-26
-698
-1108
-1086
-634
72
752
1151
1120
672
-17
-692
-1099
-1073
-621
79
761
1158
1125
672
-19
-688
-1087
-1061
-614
84
760
1162
1132
688
2
-667
-1071
-1049
-597
102
782
1178
1151
704
8
-669
-1078
-1064
-615
79
756
1150
1114
661
-29
-701
-1104
-1082
-633
63
740
1137
1106
664
727
1123
1094
651
-40
-713
-1122
-1106
-665
26
703
1101
1073
632
-56
-730
-1135
-1115
-675
19
701
1102
1079
638
-52
-723
-1130
-1114
-673
18
695
1094
1059
610
-82
-756
-1166
-1152
-712
-17
661
1062
1039
600
-83
-756
-1169
-1156
-713
-18
667
1072
1049
613
-72
-746
-1155
-1140
-696
2
692
1101
1081
643
-44
-718
-1133
-1122
-53
-722
-1131
-1124
-693
-7
671
1077
1054
619
-61
-731
-1142
-1131
-698
-13
661
1067
1048
612
-73
-745
-1157
-1146
-707
-8
675
1076
1054
617
-65
-741
-1152
-1141
-708
-17
662
1072
1056
626
-51
-720
-1132
-1123
-686
12
699
1112
1099
670
-8
-678
-1089
-1079
-642
48
733
1137
1120
686
6
-666
-1080
-1073
-643
-685
-1096
-1090
-660
27
705
1113
1102
676
6
-662
-1073
-1070
-642
44
722
1130
1119
692
13
-653
-1067
-1062
-636
49
727
1134
1119
693
17
-653
-1068
-1070
-649
30
703
1108
1098
674
0
-665
-1079
-1074
-645
40
717
1124
1111
685
12
-654
-1065
-1065
-642
41
719
1122
1105
678
0
-670
-1077
-1070
-642
45
719
1119
1100
668
-9
-674
-1084
-1079
-650
34
711
1119
1104
679
7
-659
-1070
-1064
-636
49
727
1134
1120
690
19
-642
-1053
-1046
-617
69
748
1158
1150
725
55
-611
-1027
-1032
-614
65
735
1133
1114
684
5
-662
-1074
-1067
-636
47
724
1133
1124
696
22
-640
-1050
-1043
-612
-756
-1159
-1148
-716
-35
636
1040
1024
596
-76
-736
-1142
-1138
-721
-44
627
1026
1010
580
-101
-780
-1199
-1194
-766
-87
586
990
979
556
-115
-776
-1181
-1169
-740
-57
614
1013
990
551
-134
-804
-1217
-1206
-771
-77
606
1017
1007
589
-77
-739
-1151
-1147
-721
-44
624
1027
1012
592
-81
-742
-1143
-1127
-694
-665
-1074
-1068
-639
41
709
1106
1086
662
-6
-671
-1079
-1073
-651
26
692
1091
1070
650
-12
-672
-1078
-1073
-651
26
691
1091
1073
646
-21
-674
-1073
-1064
-639
40
708
1110
1091
666
-1
-665
-1076
-1070
-650
22
686
1084
1066
638
-36
-697
-1102
-1092
-668
5
663
1057
1040
617
-43
-699
-1112
-1115
-699
-32
627
1024
-705
-25
648
1054
1047
634
-27
-690
-1104
-1097
-668
10
683
1090
1081
661
-13
-674
-1078
-1070
-649
27
697
1100
1084
658
-10
-673
-1085
-1083
-654
29
700
1100
1085
662
-4
-667
-1075
-1069
-648
22
686
1088
1072
645
-28
-691
-1101
-1101
-681
0
673
1072
1050
623
-42
-705
-1119
-1119
-691
-15
648
1049
1040
621
-45
-700
-1099
-1090
-664
12
680
1082
1062
635
-23
-676
-1081
-1075
-648
31
698
1093
1078
661
-1
-659
-1065
-1058
-635
35
698
1100
1089
665
-1
-662
-1072
-1072
-655
18
681
1079
1064
642
-28
-696
-1115
-1118
-696
-22
643
1045
1033
610
-60
-720
-1126
-1120
-695
-651
-1058
-1052
-628
46
714
1120
1110
685
20
-634
-1039
-1032
-611
65
738
1141
1127
707
44
-614
-1024
-1018
-595
78
741
1144
1136
715
42
-626
-1032
-1025
-608
62
729
1132
1115
696
29
-631
-1041
-1037
-612
62
725
1126
1117
701
37
-624
-1027
-1019
-596
76
741
1147
1134
710
41
-620
-1028
-1030
-614
64
734
1135
1120
700
34
-629
-1040
722
49
-617
-1028
-1024
-598
82
750
1151
1139
712
39
-622
-1028
-1022
-600
78
749
1152
1135
714
49
-614
-1030
-1033
-609
71
741
1143
1130
707
33
-635
-1047
-1043
-620
56
729
1136
1125
702
31
-630
-1037
-1033
-608
75
745
1148
1133
708
41
-618
-1029
-1024
-598
82
754
1156
1137
706
37
-626
-1036
-1031
-609
73
747
1152
1136
716
48
1082
1064
640
-30
-691
-1105
-1104
-686
-14
654
1057
1047
625
-48
-712
-1119
-1114
-690
-4
676
1083
1068
641
-30
-687
-1093
-1087
-665
9
680
1089
1079
661
-6
-668
-1083
-1083
-669
5
674
1075
1063
646
-27
-694
-1105
-1106
-683
-8
665
1075
1069
641
-32
-697
-1104
-1101
-674
11
688
1094
1079
655
-15
-680
-1090
-1082
-656
20
689
1095
1086
661
-10
-674
-1084
-1080
-658
21
695
1104
1093
673
6
-652
-1061
-1059
-637
41
711
1114
1100
674
-1
-668
-1076
-1066
-640
37
703
1101
1080
649
-28
-694
-1103
-1097
-672
5
673
1071
1054
630
-42
-705
1121
696
27
-630
-1035
-1028
-605
79
757
1163
1151
732
67
-596
-1012
-1007
-587
89
759
1163
1146
718
44
-622
-1033
-1028
-602
77
748
1148
1127
698
28
-636
-1045
-1039
-611
72
739
1135
1115
682
6
-661
-1074
-1068
-643
31
699
1102
1093
669
6
-655
-1064
-1062
-642
34
705
1116
1101
670
-6
-673
-1082
-1074
-643
40
708
1103
-694
-8
667
1075
1059
632
-43
-707
-1120
-1113
-682
4
679
1079
1060
630
-43
-713
-1118
-1106
-671
11
682
1084
1059
623
-56
-721
-1126
-1109
-672
13
687
1083
1058
620
-55
-715
-1116
-1099
-662
24
691
1089
1071
647
-22
-684
-1086
-1072
-640
40
706
1104
1084
658
-16
-677
-1079
-1069
-639
47
724
1123
1099
667
-8
-678
-1089
613
-61
-716
-1117
-1104
-664
28
697
1092
1073
645
-32
-693
-1098
-1090
-665
10
675
1072
1056
630
-41
-705
-1115
-1110
-682
1
670
1064
1044
613
-62
-726
-1135
-1127
-696
-9
662
1064
1044
607
-72
-739
-1142
-1128
-690
5
683
1083
1053
610
-72
-740
-1147
-1133
-696
-5
667
1060
1035
599
-77
-739
-1142
-1128
-693
-5
667
1067
1046
614
-62
-724
-1130
-1121
-688
-1
669
1066
1043
605
-73
-736
-1137
-1120
-685
1
672
1070
1047
612
-62
-718
-1122
-1111
-676
11
684
1086
1066
632
-41
-704
-1112
-1101
-666
20
688
1087
1065
630
-50
-718
-1122
644
-34
-701
-1109
-1096
-659
27
699
1096
1072
631
-52
-715
-1116
-1100
-667
21
692
1086
1058
624
-51
-711
-1111
-1095
-656
30
693
1083
1058
626
-48
-711
-1113
-1097
-656
31
703
1100
1077
638
-45
-707
-1112
-1101
-669
20
691
1086
1059
626
-49
-715
-1123
-1112
-676
7
675
1077
1055
616
-68
-733
-1137
-1120
-683
7
678
1075
1046
25
690
1087
1061
629
-42
-703
-1107
-1093
-663
21
693
1097
1085
662
-5
-664
-1061
-1049
-622
57
723
1121
1103
673
-2
-663
-1067
-1059
-632
46
711
1113
1095
665
-10
-668
-1069
-1055
-620
67
739
1137
1112
671
-12
-677
-1084
-1072
-638
42
704
1100
1075
637
-42
-709
-1111
-1098
-666
14
681
1074
1048
623
-47
-703
-1103
-1089
27
-635
-1036
-1024
-597
83
754
1156
1134
705
36
-623
-1028
-1020
-589
96
766
1164
1140
707
34
-621
-1019
-1003
-568
113
783
1182
1162
727
50
-612
-1013
-1005
-580
100
765
1156
1132
700
27
-634
-1037
-1029
-605
73
740
1138
1115
689
-1075
-1058
-628
49
716
1115
1096
661
-18
-677
-1074
-1059
-630
51
715
1105
1077
643
-36
-694
-1088
-1072
-643
33
697
1095
1069
641
-29
-688
-1084
-1073
-650
27
693
1088
1067
638
-32
-686
-1081
-1064
-634
47
713
1101
1081
650
-26
-686
-1087
-1073
-639
45
705
1099
1077
636
-44
-711
-1113
-1093
-659
26
691
1087
1058
616
-61
-717
1180
739
49
-619
-1009
-980
-541
139
797
1194
1167
717
23
-645
-1037
-1009
-568
113
773
1159
1127
682
-3
-662
-1049
-1026
-588
90
749
1137
1106
660
-30
-699
-1090
-1056
-615
62
726
1112
1078
634
-52
-712
-1101
-1070
-626
57
715
1103
1077
633
-53
-716
-1104
-1077
-637
44
707
1096
1066
624
-63
-727
-1115
-1082
-638
46
715
-1064
-620
56
717
1106
1076
638
-44
-696
-1082
-1051
-614
60
710
1095
1070
636
-46
-707
-1098
-1068
-634
36
686
1068
1039
603
-78
-737
-1119
-1087
-646
33
691
1076
1047
612
-67
-722
-1107
-1071
-629
46
700
1088
1057
618
-63
-722
-1107
-1074
-635
44
701
1089
1060
614
-71
-728
-1109
-1070
-622
58
710
1092
1057
613
-69
-724
1066
628
-49
-706
-1091
-1057
-613
68
727
1116
1089
651
-30
-686
-1070
-1035
-593
82
733
1116
1084
644
-37
-696
-1079
-1046
-609
62
713
1097
1066
617
-64
-715
-1095
-1062
-622
56
703
1086
1058
620
-60
-714
-1097
-1061
-618
57
708
1095
1068
626
-56
-710
-1090
-1053
-617
51
699
1085
1058
623
-56
-712
-1102
-1077
-637
43
697
1083
1056
615
-65
-720
-1099
-1065
-625
55
708
1098
1065
625
-56
-712
-1094
-1063
-625
47
697
1084
1058
620
-60
-717
-1102
-1076
-645
32
687
1075
1049
609
-68
-725
-1114
-1083
-646
26
681
1071
1046
610
-63
-717
-1100
-1067
-636
-718
-1103
-1081
