-45
-14
2
17
31
52
56
56
63
66
40
7
-21
-45
-54
-60
-65
-74
-75
-84
-81
-63
-35
-18
7
21
41
40
17
4
0
-22
-32
-40
-50
-47
-35
-48
-41
-27
-15
-7
-4
-19
-22
-36
-58
-78
-75
-82
-71
-86
-77
-93
-63
-88
-47
-106
172
823
434
-123
-132
-147
-145
-121
-110
-98
-90
-68
-60
-62
-54
-42
-45
-57
-69
-83
-89
-96
-105
-117
-115
-108
-85
-49
-13
11
39
55
80
83
67
56
47
20
4
-3
-13
-3
21
23
38
57
76
99
109
98
93
75
52
31
24
2
6
-13
-15
-49
-32
-66
-37
-108
165
817
433
-75
-67
-69
-68
-46
-28
2
42
92
120
130
139
140
112
72
34
2
-27
-58
-91
-115
-113
-110
-97
-81
-68
-69
-72
-84
-84
-91
-107
-114
-119
-141
-147
-146
-146
-131
-108
-102
-76
-50
-28
0
23
32
45
42
33
21
16
-10
-16
-38
-35
-56
-35
-65
-30
-98
165
-129
-158
-166
-168
-175
-172
-143
-120
-90
-59
-17
3
8
12
11
-11
-34
-40
-40
-32
-30
-33
-37
-29
-26
-13
12
39
44
51
49
60
54
29
6
-18
-54
-76
-93
-116
-123
-109
-112
-99
-79
-54
-26
-15
-27
-29
-43
-67
-91
-97
-124
-126
-145
-128
-10
-20
-36
-48
-53
-80
-109
-144
-163
-173
-190
-196
-169
-139
-103
-80
-54
-47
-49
-45
-45
-64
-87
-96
-100
-99
-95
-89
-81
-68
-65
-50
-24
6
26
51
67
86
90
73
67
54
27
9
-11
-26
-26
-14
-22
-16
-13
-6
1
1
-10
-19
-41
-79
-114
-135
-164
-171
-180
-165
-178
-144
-160
-106
-165
115
774
400
16
-202
-133
-137
-116
-98
-71
-37
3
24
28
31
29
13
-14
-39
-60
-73
-89
-107
-116
-98
-89
-71
-48
-29
-23
-9
-3
11
8
-13
-25
-35
-63
-75
-80
-96
-97
-89
-104
-103
-88
-67
-47
-32
-33
-26
-35
-50
-63
-65
-84
-86
-105
-100
-116
-83
-44
-53
-51
-66
-80
-106
-121
-131
-148
-150
-127
-110
-84
-60
-31
-18
-17
-14
-17
-43
-79
-107
-130
-137
-141
-138
-133
-114
-105
-88
-69
-54
-54
-47
-40
-27
-27
-37
-42
-54
-89
-107
-121
-146
-156
-144
-147
-147
-139
-127
-109
-100
-106
-1
-32
-22
-12
-17
-22
-5
6
16
-7
-16
-44
-95
-101
-141
-173
-193
-216
-203
-195
-207
-169
-165
-156
-111
-80
-47
-31
0
34
26
9
-4
-26
-49
-63
-74
-81
-77
-73
-63
-48
-27
-40
-30
-45
-62
-65
-68
-68
-73
-104
-118
-116
-116
-105
-81
-91
-78
-63
-29
-7
29
47
41
33
37
22
18
9
29
29
29
27
14
1
-23
-45
-73
-96
-124
-123
-125
-128
-11
1
29
32
12
6
-4
-8
-8
-26
-35
-36
-50
-52
-38
-17
-2
18
5
13
-2
-1
-29
13
-18
48
-226
-894
-499
-89
141
232
537
562
543
524
445
353
244
59
-164
-232
-363
-450
-448
-547
-438
-267
-65
52
99
100
163
189
166
81
42
-42
-172
-247
-287
-292
-298
-272
-193
-95
-6
-22
-43
-39
-53
-87
-120
-158
-174
-176
-190
-181
-165
-155
-146
-103
-93
-61
-40
-10
-22
28
3
68
-192
-840
-443
-45
179
270
561
573
548
522
446
339
220
36
-161
-210
-338
-422
-416
-520
-402
-214
-9
97
153
142
189
224
199
121
81
3
-132
-211
-243
-254
-263
-222
-10
-7
6
4
-13
0
0
-27
-50
-77
-94
-95
-97
-81
-64
-50
-43
-28
-32
-5
-9
0
-29
3
-41
31
-231
-892
-516
-136
74
163
466
482
463
444
366
260
151
-17
-218
-282
-392
-464
-476
-583
-450
-275
-84
29
95
81
133
174
149
73
35
-48
-168
-236
-272
-267
-261
-226
-136
75
71
54
34
32
21
9
-4
-30
-56
-64
-80
-85
-62
-41
-34
-3
8
31
24
37
21
54
21
95
-164
-805
-416
-43
172
260
554
574
571
561
480
377
266
85
-115
-163
-281
-367
-373
-475
-347
-163
45
153
211
206
256
287
261
181
133
43
-79
-159
-203
-205
-211
-181
-105
-16
81
105
182
144
168
122
127
166
187
160
84
34
-56
-90
-116
-94
-52
-18
-50
-9
19
54
48
45
46
69
68
60
28
-22
-58
-86
-98
-95
-81
-66
-48
-20
0
9
40
52
39
41
51
32
25
25
41
53
72
86
75
53
36
27
0
-22
-45
-54
-66
-85
-92
-74
-62
-29
1
183
220
193
200
229
247
218
137
77
-11
-45
-91
-84
-43
-5
-28
11
29
56
39
44
70
106
113
114
72
19
0
-3
-22
-32
-7
22
38
57
81
97
124
131
118
108
104
76
67
64
77
84
98
104
92
72
48
36
21
11
-15
-21
-24
-30
-22
4
18
39
60
90
101
114
134
142
127
89
51
15
-14
4
-17
6
41
67
47
99
136
190
188
176
173
184
174
159
117
67
23
-8
-24
-24
-4
11
21
41
61
76
112
142
142
142
150
129
120
123
134
138
148
159
156
154
148
145
114
86
62
61
70
74
80
102
114
134
152
176
189
187
179
167
148
130
114
93
68
49
30
18
32
45
55
75
104
123
147
165
181
169
143
187
159
103
53
29
5
-23
-21
-7
8
35
72
90
113
126
116
104
100
79
64
70
87
106
120
128
112
89
71
59
43
39
38
45
47
34
72
63
58
47
36
53
62
64
67
62
54
59
57
65
75
91
97
125
133
156
146
152
115
130
84
143
-133
-798
-417
-35
192
282
576
597
588
575
513
426
331
168
-32
-96
-212
-278
-261
-362
-247
-82
108
210
256
254
290
313
278
199
141
51
-81
-158
-210
-218
-226
-196
-99
5
101
131
226
215
265
233
105
74
46
45
46
56
72
92
97
119
117
131
121
137
123
159
128
200
-65
-717
-335
40
264
351
640
660
651
636
563
457
340
150
-71
-147
-268
-351
-347
-449
-332
-169
14
120
162
152
184
219
199
147
123
58
-54
-117
-154
-150
-146
-103
-15
68
150
168
237
191
208
158
164
221
260
253
199
157
66
30
13
32
31
54
54
72
47
88
71
149
-126
-787
-410
-39
184
276
575
607
605
583
508
410
299
112
-100
-167
-286
-366
-359
-464
-356
-200
-4
113
174
185
229
260
225
153
102
12
-125
-205
-263
-276
-289
-252
-157
-64
28
70
181
183
241
225
252
308
330
298
230
180
76
25
-19
-15
20
54
46
266
241
262
211
254
-43
-718
-346
28
243
323
609
627
610
587
521
433
322
146
-55
-128
-265
-358
-357
-457
-338
-160
57
190
260
272
313
343
307
230
179
95
-33
-110
-168
-184
-202
-188
-108
-25
60
91
184
159
188
138
131
156
152
102
29
-14
-92
-107
-114
-77
-17
42
54
130
186
253
254
244
255
263
247
216
157
81
26
-12
-37
-45
-30
-22
-9
16
42
56
87
112
104
92
87
68
64
74
90
107
128
143
142
135
118
104
81
61
28
5
-11
-34
-48
-31
-10
16
37
69
83
79
82
189
201
161
85
32
-67
-106
-127
-98
-52
-21
-31
16
45
91
77
59
72
100
112
116
94
45
9
0
4
21
60
95
124
151
165
155
162
160
124
89
74
37
8
-4
4
21
37
50
56
64
68
80
79
75
59
56
58
55
60
86
102
124
149
184
196
183
177
174
154
120
102
85
69
45
18
-7
-8
-11
-4
13
-27
9
4
1
29
68
89
91
64
7
-39
-59
-70
-71
-53
-43
-32
-18
-16
-25
-10
6
-2
-7
2
-13
-24
-22
-5
9
15
17
3
-20
-42
-58
-86
-109
-130
-139
-148
-150
-141
-112
-90
-59
-25
26
62
75
89
94
74
39
21
4
-8
-22
-34
-52
-53
-61
-60
-48
-33
7
2
-12
-4
14
18
10
-8
-45
-73
-84
-90
-94
-79
-74
-61
-37
-24
-32
-26
-23
-47
-64
-73
-107
-140
-162
-172
-174
-159
-134
-115
-100
-89
-76
-83
-90
-99
-94
-88
-82
16
8
0
-25
-57
-65
-89
-126
-155
-180
-192
-179
-163
-134
-101
-60
-32
9
20
53
60
81
60
91
56
120
-163
-830
-456
-82
132
209
486
485
455
422
337
236
131
-45
-250
-310
-423
-498
-481
-580
-451
-262
-35
88
143
141
182
228
200
125
58
-35
-166
-239
-278
-284
-287
-259
-169
-91
-32
-27
-36
-29
-34
-45
-54
-74
-102
-117
-139
-154
-168
-169
-177
-161
-155
-117
-107
-76
-89
-53
-81
-8
-271
-908
-505
-112
124
223
518
537
520
487
397
291
184
9
-193
-256
-385
-478
-481
-594
-475
-306
-105
2
37
17
44
90
57
-19
-85
-161
-273
-336
-379
-387
-384
-70
-51
-42
-37
-50
-67
-60
-70
-85
-101
-121
-141
-150
-167
-169
-168
-156
-155
-138
-140
-116
-116
-102
-129
-99
-135
-64
-327
-963
-557
-164
68
163
460
477
465
446
369
268
166
-14
-224
-296
-418
-503
-500
-605
-480
-308
-96
21
58
47
73
134
110
47
-10
-76
-183
-245
-286
-83
-69
-44
-21
-11
-6
-19
-42
-39
-54
-78
-102
-127
-152
-157
-161
-150
-138
-120
-115
-94
-94
-63
-59
-42
-64
-29
-66
0
-272
-924
-531
-155
61
146
430
445
433
408
332
234
129
-52
-255
-319
-440
-526
-522
-629
-505
-330
-118
7
38
28
53
129
118
63
1
-78
-195
-271
-91
-85
-84
-67
-47
-29
-12
-12
-27
-15
-27
-50
-71
-94
-115
-123
-136
-132
-125
-111
-102
-79
-71
-37
-33
-12
-34
-8
-52
-1
-291
-951
-565
-192
25
115
406
430
429
416
349
254
155
-19
-220
-282
-399
-475
-469
-573
-450
-275
-68
68
95
77
90
163
142
74
-7
-96
-213
-289
-335
-353
-119
-91
-68
-54
-32
-29
-40
-25
-31
-48
-59
-78
-101
-110
-123
-119
-113
-105
-106
-89
-95
-70
-68
-48
-70
-38
-74
-9
-283
-932
-538
-156
74
175
473
501
496
475
402
300
188
5
-204
-272
-397
-477
-476
-574
-451
-274
-74
74
105
99
115
207
204
142
71
-16
-123
-196
-252
-113
-102
-79
-60
-46
-29
-30
-44
-30
-36
-57
-70
-85
-102
-107
-120
-115
-108
-97
-93
-69
-70
-45
-43
-26
-52
-28
-67
-9
-287
-937
-543
-164
56
151
441
455
447
429
360
263
158
-14
-219
-281
-406
-488
-492
-597
-485
-311
-118
31
56
31
32
115
114
39
-37
-127
-138
-144
-130
-118
-109
-90
-74
-65
-48
-48
-61
-47
-54
-75
-87
-104
-124
-134
-146
-143
-136
-128
-128
-108
-114
-92
-87
-66
-92
-66
-96
-27
-302
-950
-560
-184
36
132
426
447
446
433
369
275
172
-2
-211
-275
-400
-480
-485
-589
-473
-296
-103
50
86
54
46
126
-26
-33
-42
-49
-61
-63
-44
-31
-21
0
-596
-595
-597
-552
-452
-366
-222
-43
140
222
319
368
370
446
304
132
-81
-209
-250
-197
-135
-145
-172
-117
-29
88
181
206
221
251
253
195
82
-4
-94
-143
-220
-203
-204
-141
-148
-167
-174
-110
-45
-14
56
68
98
95
43
5
19
-24
-47
-79
-82
-74
-83
-73
-84
-92
-59
-270
-564
-563
-562
-510
-404
-315
-168
14
196
271
361
406
403
473
327
154
-61
-191
-234
-197
-135
-138
-152
-126
-49
72
175
195
210
239
253
209
97
4
-76
-130
-208
-190
-194
-138
-139
-161
-176
-111
-38
-14
53
62
82
70
21
-26
-14
-55
-79
-114
-113
-104
-114
-97
-108
-111
-76
-306
-600
-599
-602
-553
-447
-366
-222
-45
140
215
307
351
350
427
287
117
-94
-222
-259
-223
-156
-149
-138
-115
-58
64
183
206
210
230
243
208
96
-6
-85
-139
-221
-209
-214
-164
-159
-174
-195
-133
-51
-21
52
66
87
76
36
-3
14
-16
-32
-63
-59
-50
-64
-47
-62
66
-157
-269
-558
-553
-550
-502
-397
-316
-176
-1
182
255
346
387
383
457
314
145
-63
-196
-232
-203
-139
-128
-98
-71
-34
80
197
230
228
246
260
231
117
16
-65
-117
-200
-190
-196
-149
-144
-150
-173
-127
-48
-18
60
72
88
75
32
-8
2
-25
-44
-79
-72
-62
-80
-63
395
14
-208
-322
-614
-612
-609
-558
-451
-371
-228
-51
135
210
301
344
338
410
267
97
-115
-246
-286
-258
-207
-193
-157
-111
-87
22
137
178
174
185
203
180
70
-30
-99
-144
-233
-222
-226
-179
-173
-181
-197
-154
-90
-60
25
41
54
43
-7
-51
-41
-65
-85
-119
-110
-92
-110
-93
-100
-100
-67
-28
-648
-647
-647
-596
-491
-414
-274
-99
85
160
247
289
286
356
210
40
-169
-295
-333
-299
-253
-240
-202
-152
-133
-35
80
126
131
140
158
143
35
-64
-130
-174
-262
-259
-261
-212
-207
-219
-227
-180
-125
-93
-3
14
30
19
-32
-73
-57
-87
-106
-137
-125
-110
-127
-115
-123
-119
-87
-229
-519
-515
-512
-457
-350
-272
-136
38
219
294
384
426
418
490
344
173
-38
-165
-204
-174
-132
-124
-85
-27
-8
86
200
247
255
263
265
246
146
34
-26
-61
-149
-148
-150
-97
-93
-110
-127
-85
-22
2
89
109
119
105
51
2
10
-28
-50
-80
-67
-56
-74
-64
-73
-69
-33
-278
-574
-575
-575
-521
-416
-339
-207
-37
149
225
317
362
354
427
284
112
-100
-226
-264
-232
-178
-169
-133
-79
-56
43
157
205
207
215
205
183
87
-28
-92
-122
-212
-208
-210
-150
-144
-165
-183
-130
-65
-45
46
72
83
78
38
-7
4
-35
-53
-84
-66
-54
-81
-77
-89
25
-192
-303
-226
-125
-74
-62
28
36
50
25
68
121
142
95
36
14
-90
-136
-159
-166
-147
-103
-105
-70
-49
-13
-25
-29
-1
-2
22
25
-3
-31
-75
-97
-111
-152
-140
-119
-111
-92
-72
-62
-32
2
16
11
6
17
1
-4
-9
-19
-26
-29
-28
-43
-66
-65
-66
-78
-96
-94
-83
-231
-164
-74
-32
-21
82
81
89
71
124
183
200
138
64
37
-58
-106
-132
-142
-121
-78
-81
-49
-28
12
-4
-13
10
7
24
25
-7
-39
-83
-112
-126
-170
-163
-139
-132
-124
-105
-96
-76
-48
-39
-40
-32
-27
-36
-50
-48
-61
-62
-67
-69
-83
-94
-97
-99
-289
-289
-300
-316
-301
-242
-160
-108
-99
-4
1
41
34
80
121
132
63
-4
-30
-118
-167
-197
-199
-179
-133
-138
-97
-80
-44
-59
-58
-31
-40
-21
-18
-47
-65
-100
-128
-146
-181
-166
-145
-135
-126
-111
-104
-78
-51
-34
-29
-20
-10
-22
-29
-33
-39
-49
-54
182
128
67
-44
-167
-219
-225
-226
-247
-254
-192
-105
-47
-45
58
88
134
116
147
189
201
135
75
58
-19
-70
-106
-115
-94
-55
-64
-28
-17
16
4
3
18
-4
13
17
-7
-25
-69
-92
-108
-140
-137
-121
-100
-87
-79
-80
-54
-24
-3
-4
5
13
3
-9
-14
-23
224
248
251
186
124
24
-99
-140
-136
-157
-188
-176
-117
-34
26
45
161
178
210
178
205
252
261
204
147
128
52
2
-45
-59
-42
-5
-9
34
52
88
76
70
79
65
89
105
85
55
5
-4
-24
-66
-66
-43
-25
-24
-21
-21
-1
26
40
36
47
58
44
27
25
25
24
9
-10
-31
-39
-51
-63
-63
-69
-62
-33
-28
-25
-8
-3
-15
88
97
127
94
130
184
196
149
91
68
8
-41
-86
-97
-73
-33
-45
-5
12
53
45
25
46
36
60
65
40
5
-31
-35
-64
-97
-88
-63
-61
-51
-36
-35
-3
25
43
52
70
79
72
60
65
67
62
44
23
8
-3
-17
-26
-34
-44
-40
-15
-12
-11
1
11
28
43
62
75
66
165
225
262
204
134
95
29
-43
-108
-110
-81
-31
-39
8
26
65
30
8
33
16
40
67
56
18
-23
-35
-47
-83
-69
-62
-71
-55
-40
-43
-15
2
29
47
63
67
56
45
39
44
46
19
-8
-26
-35
-42
-56
-64
-80
-63
-34
-27
-18
-16
-19
-12
13
66
40
30
29
32
69
43
96
65
-15
-50
-90
-105
-82
-54
-77
-21
-3
34
14
15
34
32
65
73
43
17
-7
-30
-41
-80
-70
-50
-59
-38
-28
-38
-11
11
23
18
22
30
14
5
-6
-4
0
-16
-33
-46
-55
-69
-80
-93
-97
-85
-67
-64
55
74
102
118
114
128
124
106
81
56
24
11
-14
-25
-19
-16
-20
-2
1
35
41
72
66
107
86
163
-112
-762
-371
4
217
287
561
565
545
524
450
362
264
98
-117
-175
-307
-387
-400
-540
-445
-247
-32
78
108
89
95
147
181
144
124
55
-38
-70
-61
-69
-90
-111
-80
-30
24
33
106
99
123
87
67
47
29
26
12
7
20
30
22
24
10
27
21
34
11
43
15
89
-186
-836
-437
-53
170
253
534
547
536
518
443
359
261
93
-120
-173
-293
-370
-378
-501
-385
-159
67
188
220
193
178
207
207
138
90
-13
-129
-176
-180
-186
-198
-199
-141
-70
3
34
109
98
128
108
145
198
215
174
133
54
56
53
33
29
8
19
6
19
1
40
14
88
-176
-820
-423
-50
157
235
519
537
528
505
435
357
276
119
-74
-113
-232
-300
-301
-430
-313
-86
132
256
288
272
252
281
279
212
162
48
-66
-113
-126
-136
-150
-149
-97
-34
40
76
157
145
175
159
191
243
264
222
180
150
72
29
-28
-46
-32
84
87
115
104
144
116
191
-83
-734
-338
35
240
309
577
579
564
534
456
366
264
88
-116
-167
-301
-385
-397
-531
-403
-174
42
171
206
199
189
231
229
167
115
7
-87
-128
-137
-138
-144
-132
-73
-5
74
112
188
174
209
194
225
279
305
263
224
192
112
67
2
-18
-1
35
18
76
89
119
117
97
116
119
144
148
128
113
66
54
37
19
33
45
38
64
81
60
82
112
123
114
124
127
125
113
95
86
82
57
20
-6
-31
-46
-52
-67
-73
-72
-41
-38
-29
-10
0
24
40
63
87
93
90
100
249
199
154
121
47
1
-65
-87
-75
-41
-50
12
20
45
41
21
43
45
67
66
49
25
-23
-33
-53
-81
-74
-57
-61
-26
-12
-30
-7
29
42
44
59
60
57
53
43
43
49
34
8
-13
-34
-53
-60
-77
-79
-70
-35
-34
-28
-9
0
25
42
58
79
78
66
71
72
53
42
36
47
7
-50
-69
-44
-6
-17
42
53
86
84
70
87
88
104
100
86
56
-1
-24
-50
-83
-83
-81
-100
-77
-75
-94
-71
-27
-18
-7
13
17
14
20
34
44
48
20
-10
-26
-41
-49
-46
-55
-63
-54
-16
-14
-11
8
19
48
56
56
66
68
60
64
64
45
32
30
36
47
57
-5
16
43
20
64
64
87
71
39
45
58
87
84
64
29
-17
-24
-24
-49
-35
-26
-29
9
31
20
47
97
108
116
144
167
161
150
143
146
144
112
74
51
23
0
-13
-28
-34
-36
-10
-7
57
61
71
66
58
68
67
53
40
27
21
17
-6
-7
-3
-8
-31
-22
-35
-18
-25
-4
-21
17
-1
81
-188
-839
-441
-65
140
211
490
502
480
451
385
309
218
51
-148
-204
-323
-389
-400
-515
-364
-159
62
196
236
194
184
229
207
153
92
-5
-93
-131
-145
-153
-157
-156
-104
-63
-10
-4
-15
-2
0
-8
-18
-18
-13
-12
-36
-37
-21
-10
-24
-15
-20
9
6
31
27
73
55
136
-129
-778
-379
-2
201
269
551
567
548
517
438
356
269
99
-113
-171
-288
-366
-393
-508
-354
-151
59
183
216
178
171
207
179
123
72
-22
-113
-160
-161
-164
-170
-178
-128
-81
-11
32
52
58
52
45
39
28
23
26
4
-4
-7
-12
-27
-16
-35
-19
-24
-6
-20
25
0
70
-203
-851
-456
-81
128
196
478
492
471
445
375
288
192
30
-166
-222
-353
-434
-448
-549
-394
-186
32
160
191
150
141
186
171
101
58
-31
-112
-159
-163
-169
-170
-169
-130
-80
-5
39
112
96
139
139
14
9
5
8
-12
-17
-14
-17
-32
-23
-38
-26
-35
-14
-29
11
-14
60
-211
-857
-466
-93
115
189
474
489
474
452
386
305
216
56
-140
-196
-319
-399
-412
-508
-361
-161
51
181
201
157
135
173
151
65
25
-78
-169
-213
-223
-248
-258
-245
-203
-151
-73
-28
51
47
99
110
141
197
238
202
151
113
56
7
-51
-75
-48
-2
-28
27
41
77
59
46
53
51
62
65
34
-4
-48
-71
-82
-105
-94
-85
-87
-68
-64
-74
-38
-6
13
26
46
66
74
83
80
73
63
41
14
-7
-32
-54
-60
-72
-82
-77
-48
-53
-62
-48
-42
-28
49
47
84
80
107
157
188
144
82
43
-10
-50
-100
-117
-94
-43
-55
10
34
82
77
67
76
75
85
94
67
30
-11
-31
-58
-89
-71
-57
-63
-45
-48
-65
-38
-12
11
36
58
69
69
72
66
73
80
61
25
0
-22
-47
-57
-65
-75
-76
-59
-67
-70
-57
-61
-46
71
68
110
110
138
191
226
180
116
86
34
-19
-89
-119
-107
-74
-109
-59
-52
-22
-31
-31
-7
12
40
60
46
27
-5
-8
-15
-30
-7
3
-18
-11
-10
-25
7
34
45
54
72
87
92
97
100
110
111
83
48
29
11
-4
-9
-12
-24
-24
-4
-5
1
22
22
29
33
39
52
39
35
233
277
241
180
140
80
26
-39
-57
-27
15
-17
28
32
64
58
44
51
50
57
55
20
-26
-82
-107
-125
-144
-122
-101
-99
-67
-49
-46
-9
19
51
77
97
112
109
98
87
83
70
44
20
6
-17
-39
-51
-60
-60
-37
-5
-12
-11
18
41
40
33
40
35
26
15
4
-12
-31
-69
-95
-116
-127
-135
-116
-119
-100
-100
-74
-86
-43
-53
32
-232
-864
-459
-93
104
171
456
480
477
461
400
320
223
61
-139
-209
-336
-419
-431
-517
-388
-198
0
114
114
69
60
90
76
-12
-41
-135
-234
-264
-268
-282
-299
-269
-228
-12
-7
-14
-20
-7
-9
-16
-23
-33
-37
-35
-50
-48
-40
-32
-31
-12
-24
-4
-3
24
13
53
29
102
-172
-820
-428
-61
142
218
508
525
514
500
439
361
271
109
-90
-150
-273
-363
-378
-464
-335
-135
69
184
187
146
142
178
172
90
65
-24
-122
-156
-166
-190
-213
-188
-158
54
62
56
48
60
54
42
33
22
10
-3
-33
-43
-45
-51
-69
-64
-75
-55
-52
-18
-20
33
27
112
-150
-781
-374
2
211
288
570
584
569
544
471
384
287
123
-75
-138
-262
-350
-359
-443
-312
-104
105
229
245
208
200
234
226
141
119
35
-65
-96
-102
-125
-149
-127
-89
-52
18
63
42
52
47
39
31
19
10
0
-24
-29
-31
-37
-57
-52
-66
-49
-53
-26
-36
9
-7
72
-195
-833
-430
-50
162
237
520
535
525
507
443
360
266
104
-92
-151
-275
-362
-368
-450
-323
-117
88
210
220
176
164
199
192
106
80
-13
-119
-153
-163
-191
-215
-190
-154
-114
-43
-1
88
95
137
144
182
235
277
239
168
129
74
27
-41
-61
-33
3
-24
25
42
77
73
59
77
77
89
105
82
58
18
6
-10
-34
-11
3
-2
16
23
21
54
82
103
120
136
150
154
147
139
138
129
102
71
46
19
-1
-16
-27
-41
-37
-19
-22
-24
-6
-6
11
25
38
51
49
44
178
216
170
97
59
10
-33
-101
-122
-93
-55
-79
-17
10
50
47
40
63
63
80
99
78
47
4
-5
-20
-46
-30
-22
-35
-25
-23
-33
-9
16
37
56
71
86
89
85
84
90
86
66
43
22
-4
-21
-35
-44
-53
-45
-25
-27
-29
-13
-12
5
16
26
35
32
31
30
27
10
0
2
-4
-7
-79
-106
-83
-49
-74
-18
4
41
40
34
57
59
79
96
78
60
23
13
-1
-26
-12
-2
-14
-4
1
-8
17
33
47
62
73
84
85
80
77
83
83
66
43
21
-2
-13
-21
-28
-31
-17
4
7
9
26
31
51
62
73
82
73
66
66
62
45
34
28
18
16
18
4
-1
-5
6
15
36
67
61
49
67
66
86
101
81
59
17
1
-12
-40
-25
-10
-22
-14
-7
-12
15
34
57
77
91
108
112
106
106
109
101
83
52
35
10
-4
-14
-22
-29
-17
5
8
4
9
29
30
23
45
42
34
33
31
15
16
-6
-14
-17
-24
-48
-43
-51
-39
-43
-19
-35
6
-7
69
-200
-836
-442
-60
156
228
515
535
515
496
427
333
241
71
-134
-189
-318
-413
-417
-506
-382
-181
30
144
163
132
127
174
164
86
75
-14
-112
-142
-150
-175
-189
-174
-136
-97
-38
-6
91
1
1
-16
-24
-33
-38
-45
-62
-67
-75
-71
-89
-84
-95
-71
-74
-48
-54
-13
-31
52
-217
-853
-451
-75
132
211
488
500
488
459
392
305
207
45
-153
-206
-335
-424
-420
-516
-387
-184
12
132
156
117
110
163
143
59
58
-42
-145
-177
-188
-221
-230
-213
-178
-131
-74
-49
51
-21
-18
-31
-39
-47
-50
-55
-77
-76
-80
-86
-100
-93
-111
-88
-93
-70
-75
-36
-61
21
-252
-895
-498
-119
88
170
450
459
449
421
348
262
172
1
-185
-233
-365
-443
-442
-539
-410
-207
-13
106
123
77
67
122
100
20
18
-81
-183
-208
-229
-248
-261
-243
-202
-149
-23
-16
-26
-11
-4
-18
-27
-28
-36
-40
-60
-62
-63
-63
-77
-76
-84
-68
-76
-46
-54
-14
-31
48
-223
-858
-458
-83
132
210
490
501
491
464
395
304
207
33
-162
-210
-341
-421
-418
-522
-393
-192
3
119
138
103
96
151
138
59
58
-31
-136
-158
-172
-195
-201
-186
-144
-98
-39
-16
87
90
119
124
156
196
233
194
116
76
26
-23
-78
-93
-83
-57
-72
-24
-2
36
33
15
45
42
71
83
71
41
-4
-18
-41
-68
-56
-52
-62
-50
-46
-60
-28
-13
-4
29
35
41
52
41
34
48
44
27
18
-3
-34
-38
-54
-69
-66
-59
-43
-33
-29
-16
-117
-93
17
23
56
63
107
154
193
156
88
42
-7
-49
-104
-124
-106
-75
-93
-41
-18
9
6
-9
18
16
47
60
40
18
-30
-42
-59
-89
-69
-57
-64
-48
-34
-43
-14
7
20
50
60
70
77
68
67
70
70
54
35
13
-11
-26
-40
-54
-61
-52
-37
-37
-35
-16
-8
-77
46
40
74
94
126
168
218
171
93
63
4
-50
-91
-119
-114
-86
-104
-61
-40
-2
-22
-31
0
-16
23
37
17
-14
-49
-69
-95
-104
-97
-88
-82
-74
-65
-66
-37
-25
0
24
23
44
52
35
40
50
39
32
16
-16
-33
-41
-63
-65
-64
-70
-44
-30
-28
-5
16
29
64
67
109
110
149
196
234
185
116
75
12
-29
-84
-111
-93
-70
-92
-40
-21
1
-3
-16
2
-2
31
45
25
0
-48
-60
-78
-100
-86
-71
-76
-60
-53
-57
-29
-10
-2
27
31
34
41
32
24
32
31
15
-2
-27
-56
-64
-76
-93
-93
-83
-75
-67
57
62
73
74
72
86
87
85
73
67
63
57
38
36
34
35
20
29
23
40
31
57
48
83
61
139
-139
-775
-378
-10
207
280
560
572
554
525
458
365
265
100
-103
-153
-279
-363
-359
-455
-336
-143
48
171
190
164
150
202
189
109
102
12
-101
-131
-144
-170
-182
-167
-122
-72
-18
0
108
101
134
138
63
56
67
48
40
12
-23
38
-15
8
-10
-35
19
53
14
25
-1
75
-174
-817
-439
-66
147
245
511
558
525
460
420
336
264
88
-139
-172
-309
-376
-386
-491
-345
-118
65
143
148
143
144
197
175
85
85
-22
-120
-156
-175
-204
-205
-199
-157
-103
-48
-36
80
71
101
111
138
193
221
172
105
-32
-41
-42
-48
-40
-46
-28
-18
15
-1
38
7
84
-177
-812
-421
-52
165
248
528
539
519
494
419
322
223
53
-139
-188
-319
-401
-393
-496
-378
-175
20
143
167
132
109
174
167
89
79
-16
-134
-165
-182
-209
-217
-207
-157
-95
-27
-20
89
97
124
116
167
221
251
197
125
93
34
-4
-3
-4
-16
-1
-3
24
13
56
35
108
-165
-802
-407
-35
177
257
535
542
528
510
440
343
242
75
-121
-169
-308
-380
-377
-470
-344
-152
49
180
198
167
146
209
200
127
112
8
-105
-135
-153
-187
-197
-183
-139
-92
-36
-23
88
96
127
127
167
215
251
208
137
102
38
-5
-54
-78
-62
-31
-59
-11
13
38
38
23
41
48
78
81
61
37
-11
-29
-52
-73
-61
-45
-58
-39
-28
-42
-17
-1
9
35
44
47
55
59
53
56
60
59
39
22
-4
-25
-33
-41
-42
-39
-28
-15
-5
11
19
-57
49
48
75
80
122
171
204
157
90
53
-8
-45
-91
-114
-104
-78
-109
-57
-32
-13
-18
-26
-6
-10
23
33
11
-16
-69
-79
-100
-123
-115
-99
-109
-93
-75
-94
-60
-42
-30
-3
7
12
16
17
9
18
26
16
-8
-32
-56
-72
-92
-104
-111
-104
-88
-88
-78
-63
-54
-38
63
65
95
99
142
195
229
180
108
71
10
-27
-77
-99
-87
-63
-91
-40
-11
7
7
2
16
15
49
57
35
9
-40
-50
-70
-95
-81
-63
-80
-69
-51
-70
-41
-25
-11
9
21
27
21
23
13
16
20
6
-17
-38
-62
-82
-96
-105
-110
-110
-93
-88
-78
-61
-52
-85
18
22
50
52
98
148
183
138
70
30
-33
-65
-109
-130
-122
-94
-119
-68
-46
-30
-33
-42
-22
-22
9
17
-4
-29
-77
-89
-114
-138
-129
-113
-129
-117
-95
-114
-89
-74
-61
-36
-29
-19
-18
-18
-26
-12
-6
-20
-37
-56
-76
-91
-105
-113
-120
-117
-99
-95
-49
-37
-15
3
-10
-26
-20
-39
-69
-56
-78
-99
-111
-131
-135
-139
-141
-136
-121
-130
-134
-127
-112
-88
-65
-48
-35
-25
-19
-25
-41
-44
-51
-68
-80
-100
-112
-132
-142
-133
-130
-129
-123
-108
-108
-107
-103
-102
-101
-91
-91
-87
-98
-116
-109
-126
-121
-104
-121
-117
-142
-150
-121
-85
-33
-22
1
18
6
-13
-7
-25
-52
-34
-58
-76
-89
-111
-115
-117
-115
-109
-95
-105
-111
-102
-88
-69
-49
-35
-25
-17
-10
-15
-31
-32
-36
-51
-64
-79
-90
-107
-116
-106
-99
-100
-93
-73
-71
-71
-66
-69
74
82
52
15
29
-32
-56
-70
-65
-47
-67
-64
-90
-98
-72
-41
9
21
41
56
38
16
19
-3
-32
-19
-42
-62
-77
-95
-97
-101
-101
-94
-79
-91
-98
-87
-72
-53
-33
-21
-10
-5
2
1
-12
-16
-21
-39
-51
-65
-78
-101
-108
-96
-92
-93
-83
-63
-122
-82
-25
-5
33
41
13
-23
-9
-66
-87
-97
-91
-72
-90
-83
-109
-116
-85
-51
-1
10
31
48
34
17
24
8
-22
-7
-26
-46
-59
-78
-82
-83
-83
-74
-59
-68
-75
-67
-50
-34
-17
-5
7
15
16
11
-4
-6
-9
-26
-36
-53
-66
-83
-92
-81
-75
-75
-225
-167
-92
-52
4
22
55
62
29
-5
9
-50
-74
-88
-80
-58
-74
-66
-90
-96
-68
-34
17
30
54
69
53
31
36
17
-12
4
-19
-40
-55
-74
-75
-78
-80
-75
-61
-68
-72
-63
-47
-26
-5
10
23
34
42
41
28
27
23
8
-2
-20
-34
-55
-68
-61
-56
-56
-48
-30
-30
-29
-25
-26
-24
-15
-16
-14
-27
-45
-43
-46
-49
-34
-34
-42
-36
-38
-7
28
79
91
111
127
111
90
95
78
50
63
39
18
3
-14
-18
-22
-21
-13
-1
-12
-20
-14
3
22
43
56
68
79
84
81
64
59
55
41
31
14
0
-21
-30
-22
-19
-22
-15
2
5
8
14
11
11
19
20
21
6
-13
-11
-10
-9
7
5
-1
6
3
3
16
20
19
34
37
30
103
105
79
45
57
34
17
4
-10
-10
-9
-5
7
21
10
-5
-7
0
13
33
45
55
69
80
81
66
60
47
27
11
-6
-17
-38
-46
-37
-29
-26
-17
6
11
17
24
22
22
27
22
19
1
-18
-16
-16
-19
-7
-10
-20
-18
-22
-25
-15
-8
-7
9
18
13
34
41
34
28
32
17
-2
-16
-32
-34
-37
-36
-26
-12
-19
-24
-13
4
26
48
65
79
91
100
98
86
85
78
61
46
29
15
-5
-12
1
6
5
13
30
33
35
39
36
37
46
47
49
37
22
28
32
33
50
48
43
51
49
49
66
-578
-568
-560
-500
-389
-302
-163
23
190
246
347
385
374
444
301
108
-91
-215
-225
-188
-126
-159
-117
-34
-14
91
191
210
205
222
210
185
126
58
-9
-38
-120
-111
-125
-100
-125
-158
-176
-110
-32
6
63
81
117
122
91
55
67
7
-18
-30
-23
-5
-25
-18
-44
-54
-24
9
56
66
-532
-471
-360
-271
-132
51
218
274
373
411
403
475
333
141
-57
-176
-183
-145
-88
-122
-83
-1
17
121
222
238
230
243
230
200
135
67
1
-27
-113
-107
-122
-102
-129
-162
-183
-125
-53
-17
40
58
90
96
65
28
40
-16
-37
-45
-37
-20
-41
-35
-59
-68
-37
-4
45
59
85
101
-359
-270
-131
52
219
275
375
414
406
473
329
133
-67
-189
-198
-157
-95
-129
-88
-2
18
124
227
247
241
255
245
216
157
91
24
-4
-89
-80
-91
-70
-92
-123
-143
-82
-7
32
88
103
135
138
106
70
79
21
-2
-13
0
22
3
11
-13
-22
8
44
91
103
125
140
126
106
108
93
62
70
332
376
369
437
293
101
-98
-215
-219
-179
-117
-145
-102
-17
2
110
214
231
222
232
221
191
126
55
-16
-44
-132
-123
-136
-114
-139
-170
-192
-129
-56
-19
35
56
95
101
73
34
46
-12
-36
-46
-36
-20
-40
-28
-50
-58
-27
9
60
73
98
114
99
78
80
61
33
42
25
-2
-20
-32
-35
-36
-35
-26
-17
-23
-29
-25
-11
7
27
42
54
63
71
68
55
51
46
31
18
3
-11
-31
-39
-34
-30
-33
-26
-10
-7
-3
0
-1
0
9
9
10
-6
-27
-24
-23
-20
-5
-10
-15
-8
-9
-8
8
16
19
99
115
100
85
88
72
43
53
38
16
2
-6
-8
-9
-10
-2
10
3
-7
-4
9
27
46
57
68
77
84
78
61
62
58
40
24
9
-6
-31
-42
-32
-26
-29
-19
-1
-1
0
5
2
2
9
7
5
-10
-29
-29
-28
-27
-12
-17
-21
-12
-11
-10
8
16
16
30
30
16
33
35
22
3
13
-2
-26
-40
-53
-60
-64
-62
-52
-45
-56
-64
-58
-45
-27
-7
7
18
30
42
42
31
30
26
11
-2
-15
-28
-50
-60
-52
-46
-47
-38
-23
-19
-15
-13
-14
-11
-5
-7
-7
-22
-40
-35
-36
-35
-16
-18
-20
-12
-11
-7
13
21
20
36
52
39
21
23
7
-21
-8
-23
-48
-65
-75
-80
-81
-79
-68
-59
-64
-74
-65
-52
-35
-14
0
12
21
33
34
26
28
23
11
0
-14
-30
-54
-60
-49
-43
-44
-32
-11
-7
-2
-1
-6
-3
3
2
1
-14
-33
-30
-31
-28
-9
-11
-15
-4
0
2
20
-556
-549
-541
-483
-373
-288
-153
32
198
250
349
388
380
449
304
109
-92
-211
-216
-179
-121
-155
-116
-35
-14
89
189
211
204
218
210
178
113
46
-25
-55
-135
-128
-143
-118
-138
-169
-187
-123
-45
-12
40
61
89
87
59
18
25
-30
-55
-67
-52
-32
-52
-43
-72
-89
-57
-21
-568
-560
-555
-498
-389
-302
-166
19
187
240
341
378
370
439
291
94
-109
-231
-240
-205
-147
-180
-143
-63
-43
61
160
182
175
182
171
137
70
2
-71
-98
-183
-177
-193
-170
-188
-222
-242
-183
-105
-72
-19
2
35
33
5
-32
-22
-74
-100
-110
-96
-79
-98
-88
-113
-122
-88
-247
-537
-531
-527
-468
-358
-271
-135
50
222
277
377
415
410
481
339
145
-54
-171
-177
-138
-76
-106
