-613
-798
-959
-1060
-1117
-1178
-1301
-1451
-1637
-1841
-2099
-2420
-2786
-3127
-3356
-3497
-3522
-3474
-3477
-3566
-3640
-3656
-3524
-2646
-787
1258
2135
2166
2644
3803
4463
3936
3020
2388
1945
1290
313
-436
-682
-394
-163
-381
-1551
-1178
-779
-576
-534
-512
-435
-359
-444
-559
-542
-196
411
981
1313
1382
1401
1446
1457
1269
846
348
27
-14
76
108
20
-106
-161
-211
-360
-657
-1027
-1359
-1590
-1719
-1814
-1855
-1883
-1860
-1832
-1881
-2062
-2362
-2761
-3185
-3646
-4086
-4532
-4893
-5209
-5341
-1288
-1998
-2268
-2114
-1714
-1216
-696
-281
-108
-228
-536
-804
-801
-481
-36
289
487
716
1109
1522
1767
1778
1638
1534
1520
1517
1437
1269
1207
1315
1513
1582
1420
1076
644
282
81
78
196
349
468
497
456
390
375
418
459
459
446
501
615
732
783
761
735
702
646
507
281
-1
-259
-439
-573
1185
1570
2002
2126
2044
1955
1573
938
270
-199
-488
-800
-1033
-1115
-966
-692
-468
-321
-232
-131
-102
-192
-362
-522
-437
-10
721
1452
1883
2038
2059
2096
2111
2128
2184
2230
2236
2185
2223
2389
2634
2771
2636
2236
1702
1278
1100
1140
1265
1362
1444
1470
1409
1255
1099
1023
1028
1078
1105
1098
1102
1140
1233
1353
3608
4057
5605
6663
6281
4996
3722
2826
2255
2383
2868
2994
2436
1701
1538
1620
1562
1105
296
-677
-1534
-1660
-1071
-236
251
252
229
420
837
1091
1047
925
901
1156
1568
2179
2874
3483
3889
4037
4119
4140
4011
3660
3200
2964
3008
3210
3325
3218
2980
2740
2600
2423
2107
1690
1343
1199
1260
1516
1820
2034
2087
2025
1997
2068
2193
2214
2127
2064
2138
2363
2603
2723
2689
2547
2372
2190
1991
1713
1362
1008
715
478
211
-128
-600
-1146
-1684
-2137
-2525
-2898
-3263
-3587
-3814
-3921
-3668
-2441
-303
4868
3755
2309
1058
349
-48
231
1191
1888
1278
-8
-518
-321
-255
-486
-357
255
1075
2232
3588
4581
4787
4633
4355
3888
3452
3582
4220
4536
4338
4101
4155
4102
3595
2849
2028
1348
1083
1387
1835
1976
2020
2152
2162
1879
1696
1710
1598
1291
1157
1319
1460
1505
1478
1219
608
-50
-460
-882
-1520
-2242
-2801
-3299
-3775
4032
4325
5632
7024
7279
6170
4953
4573
4230
2724
694
-493
-1057
-1703
-1934
-1069
135
618
759
1022
1361
1675
2170
2577
2691
3004
3728
4526
5163
5620
5621
5040
4280
3601
2931
2434
2310
2302
2160
2234
2619
2912
2805
2579
2349
2092
1960
2081
2339
2593
2822
2916
2900
2937
3010
2854
2414
2001
1727
1529
1351
1207
978
632
259
-191
-806
2022
3916
5018
5762
6205
6099
5225
4397
4628
5575
5900
4814
3804
3932
4193
3313
1806
751
-85
-1148
-1980
-1877
-1028
-160
485
1151
2054
2968
3739
4164
4169
3888
3703
860
438
-85
-639
-1234
-1913
-2537
-2920
-3213
-3582
-3754
-3422
-2777
-2300
-1897
-250
3146
6251
6952
3965
3757
3041
2180
1871
1883
1803
1473
1152
1140
1289
1158
471
-294
-606
-600
-639
-666
-439
93
800
1573
2237
2753
3221
3559
3594
3278
3069
3157
3239
2993
2636
2539
2627
2717
2701
2573
2428
2303
2105
1736
1405
1277
1099
804
601
627
748
890
970
873
-1261
-1262
-1029
-919
-1243
-2160
-3101
-3425
-3300
-3454
-3575
-2963
-1788
-969
-462
404
1741
3066
3726
3627
3158
2865
2688
2167
1385
748
421
124
-172
-273
-224
17
268
167
-358
-873
-1014
-1112
-1456
-1766
-1812
-1645
-1327
-856
-277
306
961
1601
2046
2347
2666
2943
2853
2453
1961
1591
2045
2839
2535
3087
4533
5481
4973
3971
3195
2486
1666
1104
1024
1114
1022
715
349
-265
-903
-1202
-1338
-1852
-3150
-4378
-4642
-3957
-3078
-2336
-1539
-610
313
1085
1872
2687
3162
3091
2695
2314
1979
1692
1695
2011
2272
2037
1662
1628
1716
1606
1127
460
-345
-1138
-1541
-1558
-1418
-1390
-918
-1398
-1876
-2254
-2624
-3025
-3386
-3643
-3659
-3336
-2921
-2394
-1195
1043
3689
5120
4793
3632
2936
3146
3499
3920
4113
3862
3274
2862
3369
4035
4198
3426
2215
978
-562
-1800
-2290
-1875
-1275
-1027
-797
-492
-66
57
161
429
680
807
696
790
1072
1621
2457
3464
4464
4852
4512
3713
3022
2669
2484
2428
2319
2170
1954
228
50
-186
-490
-758
-1011
-1302
-1690
-2111
-2438
-2635
-2777
-2927
-2761
-2004
-869
-81
-108
-484
-427
47
327
199
138
522
1218
1892
2496
2980
3112
2979
2968
3184
3160
2534
1805
1549
1715
1907
1963
2040
2111
1953
1434
846
390
-54
-415
-543
-425
-266
-168
-44
110
309
308
203
260
429
517
454
414
553
942
1504
2029
2460
2625
2518
2356
2330
2356
2297
2218
2220
2352
2534
2661
2671
2539
2293
2024
1911
1885
1758
1547
1358
1285
1296
1387
1535
1602
1514
1301
1152
1126
1151
1153
1144
1309
1188
1593
1780
1661
1654
1711
1431
695
36
-179
-248
-399
-647
-800
-822
-781
-636
-323
76
243
210
256
410
434
280
279
646
1258
1838
2129
2258
2264
2195
2212
2303
2366
2222
1964
1801
1774
1814
1813
1844
1900
1852
1621
1353
1183
1042
913
850
879
969
1072
1162
1211
1184
1044
927
973
1078
1071
934
814
798
811
2004
1740
1771
2000
2659
3919
5327
6049
5792
4842
3813
2960
2087
1030
-8
-796
-1075
-637
277
959
919
369
-53
-136
-37
154
559
1097
1690
2445
3375
4236
4704
4640
4107
3305
2567
2243
2464
2866
3000
2788
2491
2306
2184
1978
1678
1291
892
693
844
1173
1403
1438
1328
1061
626
149
-249
-572
-890
-1168
-1368
-1624
-2041
-381
60
426
995
1526
1845
2049
2049
1949
2213
2844
3246
3162
3083
3249
3262
2932
2521
2106
1699
1408
1272
1234
1356
1775
2205
2244
1964
1818
1796
1676
1500
1401
1339
1298
1267
1151
825
411
101
-286
-888
-1498
-2000
-2521
-3157
-3737
-3914
-3455
-2698
-2051
-1910
-1487
672
4375
6975
6661
5113
4616
5126
4814
1461
1701
1675
1553
1551
1504
1303
1088
825
519
340
294
89
-338
-705
-955
-1272
-1615
-1834
-1942
-1873
-1604
-1290
-1204
-908
632
3285
5389
5506
4454
3654
3549
3280
2351
1277
731
778
722
159
-169
324
864
299
-1001
-1758
-1680
-1160
-525
209
961
1713
2670
3449
3622
3354
3093
2810
2251
1704
1452
1471
1678
1841
-367
-649
-720
-638
-354
92
808
1663
2207
2402
2456
2504
2355
1910
1384
931
855
1119
1373
1434
1522
1777
1809
1488
1069
828
688
488
368
348
515
839
1233
1595
1743
1761
1615
1375
1117
866
721
693
874
1076
1224
1355
1479
1653
1698
1591
1334
1032
869
779
795
872
1013
1204
1380
1475
1381
1227
1075
950
744
568
592
92
20
-70
-105
-69
88
296
426
489
495
604
647
723
829
929
987
922
838
776
778
883
975
976
863
720
573
467
412
336
219
51
-107
-285
-450
-513
-516
-543
-623
-694
-748
-769
-742
-683
-618
-608
-580
-525
-434
-295
-140
26
177
331
432
508
587
641
651
629
589
629
623
606
602
592
570
502
420
327
207
111
43
69
106
110
101
156
215
197
176
155
216
165
145
148
221
295
302
348
396
435
429
419
429
403
360
344
343
311
278
251
243
236
206
176
141
102
78
31
-26
-24
-22
-29
-16
27
102
157
201
256
323
368
408
436
440
434
412
432
452
454
435
392
377
372
325
297
239
129
45
-95
-153
-195
-140
-62
-93
-47
24
108
168
172
205
256
239
213
197
263
310
275
288
322
351
347
320
294
247
198
179
180
141
126
107
73
69
45
28
-15
-40
-30
-47
-50
-12
48
92
88
105
159
223
271
333
398
465
520
501
495
422
392
345
270
227
158
84
26
-21
-56
-71
-44
-14
24
82
185
249
257
308
368
419
442
482
525
593
646
661
713
790
834
841
821
801
732
638
564
493
398
294
231
186
145
119
120
116
146
173
175
177
187
164
144
138
137
167
205
316
428
503
598
736
863
889
902
855
837
753
637
651
615
570
529
493
465
438
415
411
393
386
389
395
405
446
502
536
541
547
558
578
605
636
665
678
695
714
743
771
794
828
839
847
839
819
788
753
707
675
669
650
639
654
642
635
614
597
580
542
516
469
442
421
409
424
419
402
419
418
410
438
473
476
479
493
496
493
490
514
371
381
400
422
443
450
457
478
472
476
510
519
519
511
480
450
424
407
384
367
374
369
358
374
376
364
382
401
426
444
475
497
474
478
481
488
483
482
470
459
427
394
395
392
410
429
385
365
342
282
287
274
227
245
278
294
290
351
390
413
470
540
548
588
623
608
615
611
589
576
579
575
577
583
593
588
575
551
497
475
433
362
308
256
195
158
137
127
142
187
220
232
256
261
244
253
247
269
314
360
393
438
484
552
601
652
678
686
648
567
505
476
411
354
314
278
224
182
183
180
167
135
142
123
-25
-45
-54
-88
-111
-115
-157
-160
-127
-95
-105
-90
-78
-61
-83
-79
-48
-25
4
39
58
49
58
42
35
50
15
8
10
-28
-59
-79
-98
-118
-124
-144
-145
-143
-187
-211
-195
-199
-213
-196
-187
-191
-361
-336
-351
-348
-321
-342
-370
-373
-390
-458
-452
-445
-510
-542
-556
-569
-579
-591
-585
-550
-523
-524
-523
-519
-547
-562
-549
-538
-571
-588
-572
-566
-548
-509
-501
-499
-530
-507
-500
-517
-538
-536
-497
-525
-535
-499
-482
-499
-859
-870
-851
-850
-851
-854
-847
-837
-834
-835
-831
-810
-811
-794
-786
-808
-791
-815
-841
-844
-835
-814
-811
-804
-817
-816
-804
-803
-810
-836
-854
-840
-851
-861
-862
-861
-873
-888
-869
-880
-887
-811
-800
-843
-859
-835
-1089
-1066
-1073
-1037
-1030
-1017
-1035
-1026
-1017
-1031
-1017
-992
-976
-989
-1013
-1039
-1051
-1078
-1068
-1079
-1064
-1080
-1096
-1122
-1136
-1148
-1168
-1165
-1155
-1142
-1134
-1109
-1124
-1120
-1081
-1073
-1062
-1029
-999
-1029
-1045
-1034
-1004
-1006
-997
-1007
-1126
-1042
-1063
-1072
-1018
-1016
-1064
-1072
-1027
-1014
-1099
-1199
-1210
-1156
-1185
-1229
-1153
-1172
-1190
-1259
-1202
-1180
-1233
-1265
-1254
-1240
-1250
-1295
-1278
-1245
-1186
-1188
-1189
-1170
-1153
-1173
-1212
-1256
-1272
-1224
-1186
-1268
-1284
-1302
-1249
-1201
-1144
-1050
-1138
-1086
-1108
-1149
-1088
-1099
-1223
-1270
-1320
-1361
-1363
-1371
-1295
-1314
-1417
-1428
-1415
-1441
-1471
-1402
-1378
-1369
-1330
-1314
-1316
-1330
-1274
-1195
-1122
-1094
-1071
-1046
-1083
-1069
-1018
-985
-990
-999
-1003
-1023
-1051
-1074
-1117
-1176
-1164
-1131
-1152
-1195
-1054
-1085
-1068
-1016
-1026
-1048
-1051
-1061
-1063
-1044
-1057
-1058
-1033
-1075
-1146
-1219
-1257
-1319
-1300
-1261
-1329
-1357
-1386
-1473
-1494
-1460
-1441
-1427
-1383
-1310
-1342
-1334
-1217
-1180
-1261
-1211
-1164
-1146
-1019
-963
-1022
-997
-943
-953
-1002
-997
-971
-955
-1032
-1262
-1298
-1333
-1316
-1269
-1228
-1175
-1124
-1120
-1149
-1125
-1126
-1103
-1070
-1050
-1099
-1076
-1049
-1060
-1054
-1026
-1079
-1116
-1134
-1143
-1185
-1199
-1183
-1179
-1237
-1237
-1222
-1273
-1247
-1227
-1269
-1263
-1223
-1257
-1262
-1233
-1238
-1239
-1232
-1236
-1224
-1225
-1237
-1216
-1187
-1182
-1129
-1166
-1112
-1123
-1217
-1221
-1265
-1361
-1376
-1446
-1502
-1450
-1424
-1446
-1425
-1474
-1564
-1602
-1558
-1480
-1433
-1360
-1291
-1325
-1357
-1349
-1374
-1292
-1125
-1085
-1044
-1069
-1111
-1128
-1184
-1177
-1200
-1160
-1099
-1189
-1248
-1267
-1349
-1409
-1446
-1489
-1454
-1381
-1137
-1204
-1302
-1315
-1317
-1342
-1332
-1295
-1327
-1315
-1377
-1415
-1427
-1411
-1398
-1408
-1382
-1336
-1307
-1304
-1272
-1267
-1279
-1249
-1217
-1184
-1140
-1112
-1101
-1123
-1141
-1160
-1205
-1223
-1220
-1237
-1237
-1232
-1270
-1329
-1370
-1376
-1397
-1403
-1374
-1355
-1345
-1284
-1296
-1331
-1309
-1297
-1298
-1236
-1199
-1203
-1208
-1212
-1243
-1283
-1301
-1290
-1275
-1214
-1124
-1151
-1170
-1154
-1220
-1254
-1201
-1247
-1270
-1240
-1270
-1282
-1255
-1289
-1322
-1337
-1339
-1326
-1306
-1263
-1255
-1303
-1338
-1376
-1433
-1429
-1406
-1384
-1342
-1331
-1363
-1406
-1400
-1377
-1332
-1312
-1238
-1193
-1147
-1176
-1197
-1230
-1293
-1295
-1084
-1124
-1180
-1193
-1223
-1282
-1315
-1332
-1333
-1335
-1355
-1359
-1377
-1418
-1429
-1421
-1409
-1388
-1321
-1261
-1242
-1189
-1162
-1199
-1195
-1196
-1221
-1225
-1221
-1201
-1201
-1231
-1223
-1281
-1339
-1333
-1352
-1360
-1323
-1297
-1306
-1291
-1262
-1273
-1282
-1243
-1231
-1231
-1173
-1201
-1284
-1272
-1303
-1359
-1361
-1349
-1385
-1416
-1399
-1448
-1502
-1517
-1531
-1539
-1514
-1437
-1312
-1230
-1156
-1150
-1145
-1121
-1170
-1136
-1168
-1218
-1186
-1219
-1300
-1256
-1236
-1329
-1387
-1440
-1495
-1465
-1397
-1334
-1272
-1234
-1256
-1252
-1256
-1258
-1204
-1173
-1241
-1217
-1219
-1253
-1277
-1286
-1323
-1316
-1294
-1267
-1248
-1218
-1217
-1221
-1203
-1184
-1173
-1178
-1164
-1150
-1170
-1198
-1188
-1212
-1251
-1316
-1340
-1375
-1416
-1439
-1454
-1480
-1496
-1512
-1506
-1511
-1492
-1448
-1383
-1302
-1226
-1191
-1157
-1114
-1151
-1192
-1209
-1260
-1266
-1213
-1238
-1256
-1249
-1230
-1205
-1179
-1156
-1161
-1140
-1139
-1167
-1166
-1182
-1211
-1205
-1207
-1200
-1210
-1225
-1261
-1283
-1331
-1346
-1322
-1320
-1298
-1275
-1270
-1276
-1304
-1340
-1367
-1399
-1416
-1422
-1434
-1442
-1477
-1501
-1477
-1469
-1454
-1416
-1379
-1367
-1317
-1275
-1268
-1228
-1223
-1235
-1165
-1133
-1128
-1095
-1101
-1145
-1115
-1097
-1131
-1136
-1140
-1349
-1327
-1308
-1304
-1266
-1259
-1262
-1267
-1257
-1250
-1242
-1249
-1219
-1189
-1175
-1188
-1209
-1193
-1168
-1181
-1223
-1239
-1220
-1189
-1216
-1223
-1228
-1222
-1210
-1214
-1236
-1236
-1192
-1165
-1175
-1165
-1159
-1169
-1170
-1151
-1135
-1116
-1106
-1133
-1145
-1141
-1066
-1069
-1077
-1079
-1043
-1009
-1027
-1043
-1049
-1022
-1010
-1043
-1041
-1012
-992
-1001
-1040
-1039
-1004
-1013
-1036
-1049
-1032
-1019
-1027
-1046
-1055
-1048
-1051
-1076
-1101
-1081
-1073
-1079
-1088
-1111
-1141
-1166
-1187
-1195
-1197
-1193
-1200
-1206
-1192
-1187
-1157
-867
-873
-885
-908
-920
-948
-995
-1018
-1041
-1036
-1034
-1054
-1058
-1075
-1099
-1116
-1110
-1100
-1082
-1071
-1070
-1067
-1074
-1062
-1049
-1022
-992
-967
-942
-917
-913
-916
-896
-867
-850
-852
-875
-882
-905
-929
-900
-893
-898
-909
-932
-959
-984
-991
-1004
-1005
-1010
-1007
-1029
-1073
-1086
-1089
-1061
-1051
-1073
-1083
-1060
-1043
-1054
-1044
-1025
-1000
-978
-957
-939
-669
-654
-657
-653
-655
-720
-715
-705
-706
-710
-732
-754
-794
-812
-834
-825
-820
-835
-847
-868
-886
-888
-884
-878
-850
-840
-832
-808
-787
-773
-748
-727
-706
-685
-684
-679
-667
-651
-650
-648
-652
-667
-665
-657
-666
-654
-648
-666
-693
-714
-733
-761
-774
-812
-822
-825
-841
-829
-845
-898
-930
-930
-920
-925
-940
-960
-961
-952
-941
-931
-907
-906
-907
-893
-870
-826
-774
-752
-766
-747
-737
-722
-691
-665
-634
-606
-622
-642
-633
-618
-605
-596
-595
-609
-756
-747
-737
-718
-699
-686
-670
-667
-655
-628
-599
-582
-583
-572
-566
-551
-541
-545
-548
-568
-589
-615
-633
-656
-683
-700
-721
-740
-753
-800
-817
-832
-849
-845
-853
-883
-880
-857
-866
-856
-844
-837
-833
-824
-808
-777
-629
-614
-616
-633
-674
-698
-707
-691
-681
-658
-645
-661
-661
-671
-651
-625
-605
-594
-597
-614
-609
-589
-561
-555
-546
-555
-569
-562
-532
-511
-504
-511
-531
-555
-571
-582
-589
-600
-630
-665
-688
-693
-716
-759
-785
-793
-798
-799
-797
-491
-474
-481
-495
-515
-524
-525
-511
-500
-515
-541
-572
-572
-563
-558
-557
-556
-568
-592
-607
-601
-588
-572
-567
-567
-565
-571
-567
-560
-543
-531
-541
-555
-565
-564
-561
-550
-536
-546
-539
-543
-543
-530
-511
-506
-506
-511
-528
-547
-571
-584
-599
-616
-634
-640
-645
-656
-672
-682
-698
-696
-685
-681
-682
-690
-695
-687
-671
-649
-641
-645
-637
-636
-628
-617
-612
-585
-577
-572
-566
-555
-533
-501
-486
-482
-484
-476
-463
-459
-442
-427
-433
-435
-438
-435
-427
-427
-496
-503
-514
-525
-534
-533
-530
-524
-528
-532
-535
-543
-542
-540
-534
-531
-537
-528
-512
-504
-492
-484
-475
-472
-475
-464
-448
-441
-439
-436
-443
-450
-462
-462
-459
-465
-476
-476
-480
-496
-502
-508
-508
-512
-515
-529
-524
-522
-525
-529
-534
-536
-536
-534
-533
-526
-525
-524
-525
-521
-521
-509
-513
-517
-521
-412
-410
-417
-432
-435
-439
-448
-462
-470
-476
-481
-484
-484
-487
-472
-483
-479
-492
-492
-502
-505
-493
-488
-483
-488
-487
-463
-457
-465
-461
-454
-437
-427
-426
-429
-408
-408
-402
-398
-386
-397
-400
-414
-424
-418
-427
-433
-439
-439
-390
-424
-452
-446
-437
-461
-412
-432
-434
-435
-391
-437
-437
-400
-378
-389
-357
-352
-382
-363
-348
-351
-372
-366
-383
-390
-390
-362
-373
-380
-379
-396
-407
-393
-360
-378
-401
-405
-430
-447
-416
-406
-417
-431
-432
-296
-284
-291
-310
-321
-333
-317
-311
-334
-349
-348
-366
-355
-352
-349
-369
-374
-373
-371
-364
-359
-360
-353
-359
-357
-356
-349
-347
-348
-340
-341
-313
-308
-305
-315
-319
-299
-289
-295
-289
-279
-302
-303
-281
-291
-292
-287
-297
-305
-331
-370
-416
-417
-408
-409
-387
-344
-329
-347
-369
-361
-339
-306
-293
-298
-293
-277
-267
-278
-227
-176
-207
-231
-238
-238
-214
-161
-167
-189
-189
-224
-257
-264
-200
-176
-197
-233
-298
-344
-336
-299
-239
-236
-236
-240
-251
-214
-183
-166
-132
-107
-92
-121
-98
-101
-104
-79
-75
-71
-66
-87
-122
-150
-164
-199
-200
-202
-197
-218
-248
-277
-310
-310
-321
-276
-275
-248
-285
-285
-270
-291
-257
-202
-192
-183
-168
-164
-151
-133
-121
-100
-76
-204
-235
-258
-289
-302
-308
-320
-313
-321
-320
-314
-336
-342
-342
-346
-335
-331
-318
-328
-304
-294
-286
-87
-90
-50
-35
-69
-74
-60
-36
0
22
-2
-22
-25
-38
-15
0
-16
-23
-45
-54
-81
-73
-68
-115
-145
-168
-157
-156
-128
-122
-114
-116
-108
-110
-116
-100
-92
-60
-71
-66
-75
-74
-74
-77
-78
-63
-47
-56
-76
-96
-110
-131
-163
-186
-198
-184
-208
-217
-269
-308
-307
-315
-294
-262
-242
-255
-259
-266
-235
-221
87
56
51
42
13
8
11
-20
-52
-78
-53
-52
-60
-77
-92
-96
-123
-118
-125
-148
-137
-157
-141
-144
-160
17
1
10
26
7
16
0
-12
-9
8
-8
-10
-17
-22
-20
-45
-39
-44
-51
-67
-71
-95
-123
-117
-143
-142
-147
-113
-109
-105
-81
-76
-97
-104
-110
-125
-142
15
5
-1
-17
-32
-44
-61
-67
-63
-101
-125
-126
-168
-186
-190
-224
-234
-250
-288
-303
-281
-278
-287
-3
-7
12
27
40
0
20
27
10
25
12
-4
6
4
-14
8
-12
5
18
28
18
42
20
22
34
23
19
3
10
13
17
-3
-20
67
81
100
110
113
131
150
154
149
161
174
154
141
140
135
123
117
312
315
333
299
276
175
31
-126
-218
-348
-464
-491
-513
-543
-547
-594
-644
-717
-841
-925
-1031
-1198
-1259
-1323
-1372
-1404
-1458
-1490
-1468
-1444
-1414
-1087
-497
300
893
966
906
938
1036
948
696
466
292
215
-14
-287
-408
-68
-311
-306
-113
40
126
352
560
694
891
995
1055
1003
958
962
772
508
398
398
411
413
444
395
325
313
236
207
17
-236
-388
-604
-864
-1003
-1057
-1047
-1089
-1154
-1194
-1253
-1304
-1403
-1496
-1707
-1949
-2043
-2145
-2331
-2474
-2463
-2194
-1372
-131
903
1346
931
539
262
85
-5
-7
83
240
273
302
389
491
414
237
68
-71
-104
-11
141
263
341
527
833
1140
1333
1484
1569
1501
1411
1349
1183
1050
903
817
707
535
367
257
126
4
-134
-312
-527
-774
-972
-1123
-1249
-1380
-1415
-1483
-1605
-1753
-1878
-2031
-2202
-2368
-2584
-2761
-2919
-3003
-3043
-2960
-2359
1465
1373
1408
1464
1587
1638
1437
1239
1108
879
435
-3
-208
-381
-624
-821
-709
-421
-62
339
734
1006
1162
1353
1609
1723
1648
1531
1577
1682
1719
1747
1802
1785
1662
1519
1327
1016
575
122
-223
-575
-969
-1292
-1533
-1720
-1864
-1988
-2065
-2142
-2302
-2467
-2657
-2936
-3303
-3623
-3703
-3614
-3507
-3412
4068
3893
3262
2329
1461
922
602
329
31
-170
-261
-282
-195
-26
137
78
-202
-427
-438
-266
14
367
800
1287
1690
1979
2269
2518
2634
2566
2329
2075
1794
1496
1195
992
887
694
409
35
-413
-873
-1346
-1757
-2107
-2463
-2810
-3095
-3231
-3219
-3179
-3163
-3198
-3327
-3517
-3600
-3481
-3077
-2232
-725
1275
3037
3781
3518
2969
2824
3099
3383
3535
3439
2967
2235
1675
1793
2385
2877
2709
1859
733
-388
-1285
-1756
-1750
-1511
-1559
-1925
-2220
-2039
-1453
149
181
212
234
204
108
-33
-147
-212
-273
-363
-480
-577
-661
-749
-851
-935
-996
-1058
-1185
-1380
-1622
-1878
-2078
-2192
-2195
-2140
-1855
-1134
-231
345
302
-139
-307
-59
148
103
-1
238
733
1070
1203
1390
1757
2077
2175
2142
2075
1872
1473
1129
1145
1338
1381
1207
1124
1333
1478
1256
764
-536
-735
-912
-1066
-1196
-1353
-1482
-1578
-1644
-1765
-1925
-2096
-2263
-2396
-2446
-2496
-2580
-2611
-2387
-1671
-883
-505
-707
-1019
-822
-321
-75
-189
-285
-41
316
479
554
760
1161
1396
1341
1170
940
743
572
526
625
629
401
155
188
406
407
103
-255
-453
-519
-718
-1013
-1127
-3391
-3629
-3740
-3317
-2661
-2322
-1617
580
3603
5234
4381
2658
2529
3618
3795
2553
1574
1839
2261
1923
1070
532
440
-271
-1898
-3764
-4851
-4544
-3519
-2853
-2693
-2343
-1437
-687
-408
-128
322
662
689
1091
2179
3216
3794
4130
4353
3933
2668
1604
1289
1099
2258
2670
2483
1575
744
550
586
-322
-2126
-3415
-3381
-2554
-2005
-1925
-1403
-241
606
469
234
904
1924
2284
1991
2083
3235
4466
4665
4156
3797
1358
1339
1132
96
-1324
-2090
-1857
-1282
-852
-555
167
1137
1544
1382
1299
1775
2440
2615
2407
2484
3138
3781
3929
3854
3617
3081
2194
1176
611
532
561
593
653
752
862
988
1156
2268
2490
2543
2375
2189
2162
2134
2197
2345
2482
2559
2455
2209
1888
1631
1550
1575
1689
1746
1728
1770
1817
1897
1949
1964
1965
1873
1774
1652
1594
1666
1742
1829
1817
1714
1631
1540
1518
1485
1442
1404
1305
1197
1062
946
845
747
638
513
391
266
176
124
131
251
670
1374
1731
1804
1731
1649
1674
1726
1851
1903
1892
1809
1703
1672
1628
1615
1639
1675
1712
1659
1632
1666
1689
1734
1767
1818
1781
1706
1681
1678
1658
1641
1659
1701
1670
1603
1580
1614
1626
1628
1647
1638
1591
1532
1521
1541
1554
1561
1576
1601
1599
1582
1608
1649
1690
1702
1686
1652
1618
1608
1621
1628
1613
1619
1637
1627
1600
1593
1617
1625
1604
1589
1584
1572
1564
1972
1985
1985
1961
1936
1919
1887
1842
1779
1723
1663
1605
1545
1491
1432
1391
1352
1298
1239
1196
1165
1151
1150
1142
1136
1170
1250
1334
1365
1339
1323
1315
1308
1313
1344
1414
1461
1487
1491
1478
1446
1472
1502
1470
1434
1422
1409
1392
1368
1359
1375
1392
1369
1337
1317
1312
1328
1365
1390
1389
1405
1423
1431
1418
1438
1471
1499
1526
1528
1547
1563
1592
1620
1137
1115
1073
1027
983
929
900
885
866
847
836
835
844
856
859
868
862
866
879
900
922
948
971
1004
1022
1037
1045
1052
1060
1062
1065
1058
1057
1075
1092
1100
1108
1120
1125
1115
1090
1073
1068
1063
1057
1053
1044
1040
1047
1056
1050
1056
1059
1031
1002
974
966
960
961
963
962
962
964
949
925
918
911
901
898
899
905
916
928
930
929
934
924
905
898
899
899
907
915
918
928
931
927
927
922
906
898
894
1077
1072
1052
1023
1008
1012
1034
1055
1065
1054
1036
1009
977
942
914
889
871
856
866
890
894
884
881
884
896
924
967
1001
1030
1057
1077
1089
1082
1069
1052
1019
989
969
952
936
908
877
845
804
759
724
707
707
718
739
784
849
946
1043
1094
1097
1080
1078
1087
1104
1131
1181
1227
1242
1221
1196
1162
1103
1029
970
925
901
904
879
868
858
850
858
881
915
964
1036
1121
1164
1164
1141
1123
1129
1150
1176
1219
1264
1286
1289
1268
1221
1167
1106
1035
987
962
955
964
993
1002
996
973
939
895
859
868
916
980
1041
1101
1136
1147
1155
1161
1180
1189
1189
1186
1186
1201
1218
1225
1211
1176
1122
1067
1021
991
978
983
994
999
994
982
818
828
891
990
1082
1152
1205
1234
1247
1259
1258
1251
1231
1211
1199
1200
1197
1179
1149
1086
996
896
824
781
766
773
788
809
810
802
800
802
811
847
908
967
1028
1086
1143
1207
1256
1273
1254
1220
1171
1129
1111
1105
1093
1078
1042
982
918
860
816
787
762
759
784
822
868
906
938
962
981
990
1017
1073
1146
1215
1264
1278
1246
1185
1120
1073
1053
1041
1032
1032
1041
1030
1003
966
921
883
862
856
865
888
900
914
918
916
911
914
915
914
912
921
939
946
942
928
913
894
879
865
861
860
847
830
825
831
858
919
893
910
904
866
815
769
741
733
729
726
716
700
682
665
648
631
607
586
581
591
609
614
622
621
613
608
604
599
621
674
742
802
823
805
773
738
711
721
763
816
850
867
893
928
944
932
901
861
828
800
813
841
856
848
824
784
744
706
671
646
632
628
623
645
668
679
682
689
695
684
534
529
531
540
560
583
596
600
596
588
590
592
590
590
580
567
554
544
524
506
488
463
436
420
410
411
418
427
439
451
461
464
465
476
494
517
542
564
578
593
607
611
611
616
627
637
647
645
646
643
633
614
584
567
548
528
506
486
465
444
419
392
369
353
357
375
398
413
429
444
455
477
499
512
522
530
320
354
383
396
404
414
424
426
428
432
435
431
418
401
381
356
329
300
274
263
253
244
246
247
243
244
253
261
265
270
275
279
285
293
312
327
336
340
333
320
302
301
307
306
302
304
306
309
309
303
299
291
278
266
258
246
245
255
266
269
267
270
272
275
275
280
291
302
294
283
282
270
260
242
225
206
190
177
172
162
148
138
127
105
88
94
99
103
105
114
137
161
187
209
231
246
254
263
271
300
322
349
359
373
379
380
366
356
341
343
86
76
91
57
83
68
76
75
73
75
82
84
87
102
91
98
95
82
108
99
110
110
102
114
103
88
90
78
75
73
65
88
96
95
104
94
91
102
99
91
90
95
105
93
78
76
70
68
93
61
72
64
56
63
64
60
107
46
97
51
62
67
79
94
79
107
86
107
122
125
149
-96
-151
-98
-129
-102
-112
-96
-102
-106
-125
-115
-116
-131
-106
-139
-96
-142
-100
-129
-120
-109
-150
-121
-151
-138
-124
-154
-100
-131
-92
-115
-105
-138
-126
-165
-156
-186
-162
-175
-159
-194
-160
-202
-181
-195
-193
-199
-179
-178
-149
-178
-125
-275
-285
-282
-276
-289
-276
-261
-287
-279
-295
-301
-318
-352
-310
-343
-339
-301
-350
-302
-324
-288
-294
-295
-286
-293
-272
-270
-249
-261
-255
-262
-243
-263
-272
-288
-287
-313
-295
-324
-331
-298
-384
-265
-418
-283
-390
-343
-361
-339
-398
-357
-420
-331
-421
-362
-360
-372
-320
-323
-357
-272
-352
-305
-313
-356
-330
-377
-387
-374
-423
-413
-381
-428
-399
-423
-406
-425
-437
-441
-406
-457
-380
-390
-407
-382
-392
-366
-387
-382
-368
-369
-393
-322
-365
-367
-334
-354
-367
-354
-390
-353
-417
-386
-383
-408
-404
-380
-416
-385
-470
-464
-455
-467
-435
-446
-428
-427
-423
-413
-421
-424
-421
-422
-423
-424
-448
-445
-448
-462
-469
-488
-478
-486
-482
-470
-474
-470
-465
-460
-456
-452
-446
-432
-424
-421
-438
-423
-419
-425
-450
-449
-455
-471
-457
-468
-479
-487
-490
-495
-502
-482
-465
-456
-438
-457
-432
-423
-452
-441
-457
-487
-501
-510
-487
-512
-563
-586
-590
-587
-586
-597
-630
-643
-642
-651
-650
-634
-627
-624
-632
-616
-608
-573
-590
-591
-589
-572
-589
-610
-615
-604
-624
-630
-614
-569
-698
-686
-676
-652
-650
-619
-605
-597
-588
-572
-591
-589
-592
-596
-599
-602
-614
-632
-640
-657
-691
-723
-743
-766
-793
-815
-830
-811
-771
-733
-707
-676
-652
-677
-679
-672
-651
-616
-549
-509
-470
-448
-428
-437
-452
-474
-511
-779
-808
-847
-871
-877
-900
-932
-929
-929
-946
-965
-938
-929
-903
-847
-774
-720
-674
-631
-575
-544
-532
-530
-524
-507
-472
-432
-421
-405
-415
-446
-495
-538
-598
-658
-681
-700
-749
-763
-760
-767
-787
-807
-827
-862
-886
-882
-872
-844
-794
-747
-752
-747
-751
-757
-757
-718
-684
-654
-621
-611
-621
-634
-652
-658
-664
-647
-610
-601
-573
-568
-575
-579
-604
-643
-691
-711
-707
-725
-705
-698
-688
-685
-691
-698
-721
-765
-770
-753
-740
-721
-695
-686
-664
-648
-662
-663
-668
-682
-698
-673
-656
-662
-674
-658
-669
-660
-661
-694
-716
-715
-726
-716
-734
-729
-706
-669
-705
-718
-725
-750
-778
-787
-808
-815
-804
-789
-776
-772
-784
-767
-760
-746
-739
-738
-742
-729
-713
-698
-691
-694
-671
-652
-660
-668
-698
-722
-727
-735
-736
-755
-785
-782
-778
-778
-789
-811
-825
-822
-833
-811
-801
-807
-798
-750
-733
-709
-703
-703
-683
-666
-669
-671
-667
-675
-667
-663
-671
-675
-675
-667
-668
-691
-706
-726
-728
-746
-759
-791
-793
-808
-800
-797
-793
-810
-827
-828
-833
-849
-832
-821
-808
-786
-782
-755
-727
-712
-709
-676
-670
-673
-675
-671
-636
-827
-821
-839
-820
-834
-842
-842
-856
-852
-846
-856
-850
-828
-822
-800
-780
-789
-786
-779
-772
-753
-744
-750
-755
-752
-756
-757
-748
-745
-769
-773
-780
-792
-785
-810
-819
-804
-809
-803
-775
-772
-757
-756
-755
-750
-740
-737
-729
-722
-790
-796
-806
-813
-815
-811
-821
-825
-812
-808
-812
-794
-787
-786
-767
-759
-759
-742
-741
-751
-750
-728
-727
-743
-740
-735
-732
-725
-715
-716
-706
-710
-716
-718
-727
-724
-727
-728
-724
-727
-723
-716
-728
-725
-729
-738
-739
-752
-761
-743
-736
-749
-738
-722
-751
-752
-727
-735
-728
-708
-696
-698
-685
-663
-685
-688
-668
-676
-655
-648
-676
-683
-688
-691
-697
-706
-697
-705
-698
-716
-731
-744
-731
-746
-749
-752
-758
-750
-742
-734
-736
-738
-739
-726
-733
-713
-723
-735
-717
-709
-709
-700
-687
-688
-705
-709
-715
-713
-712
-730
-741
-744
-774
-803
-788
-773
-777
-806
-816
-827
-833
-817
-828
-830
-808
-779
-767
-750
-752
-741
-736
-717
-712
-725
-723
-700
-710
-706
-694
-722
-749
-769
-788
-798
-823
-848
-853
-880
-911
-905
-878
-836
-813
-774
-770
-776
-786
-787
-784
-795
-795
-791
-789
-761
-751
-766
-790
-802
-801
-814
-836
-828
-810
-815
-814
-821
-823
-818
-829
-834
-839
-866
-873
-871
-876
-869
-870
-878
-863
-844
-809
-794
-756
-755
-770
-774
-778
-776
-782
-774
-740
-738
-732
-708
-727
-728
-766
-763
-770
-770
-779
-787
-769
-750
-763
-757
-770
-804
-805
-795
-798
-810
-806
-807
-842
-832
-816
-824
-808
-783
-754
-714
-678
-679
-647
-624
-648
-669
-703
-725
-694
-684
-675
-677
-675
-673
-687
-738
-781
-823
-846
-848
-863
-782
-802
-812
-802
-813
-825
-834
-838
-828
-833
-845
-837
-827
-836
-818
-811
-837
-841
-838
-820
-781
-740
-704
-671
-668
-662
-700
-728
-754
-794
-796
-774
-751
-744
-756
-756
-765
-777
-806
-833
-850
-844
-845
-852
-828
-798
-769
-740
-718
-725
-717
-705
-697
-688
-681
-689
-673
-667
-658
-662
-654
-645
-658
-670
-697
-709
-720
-725
-720
-735
-709
-723
-743
-695
-717
-741
-776
-790
-790
-776
-769
-755
-738
-707
-689
-686
-680
-690
-667
-648
-670
-693
-706
-721
-702
-688
-687
-685
-669
-720
-694
-720
-725
-738
-745
-767
-798
-788
-790
-775
-759
-642
-658
-669
-664
-647
-661
-678
-687
-680
-689
-668
-645
-621
-604
-585
-576
-583
-585
-613
-629
-626
-642
-630
-619
-616
-589
-575
-606
-610
-629
-642
-641
-644
-652
-650
-651
-656
-635
-622
-624
-651
-657
-656
-648
-654
-648
-652
-663
-571
-574
-570
-575
-586
-579
-588
-608
-602
-618
-645
-634
-636
-653
-679
-686
-674
-672
-679
-700
-716
-725
-723
-680
-687
-683
-686
-667
-656
-649
-651
-636
-646
-618
-583
-582
-568
-557
-550
-531
-506
-520
-529
-565
-558
-541
-539
-549
-565
-549
-524
-518
-536
-552
-545
-550
-535
-548
-571
-571
-581
-572
-582
-588
-597
-596
-579
-571
-577
-601
-601
-593
-579
-573
-576
-597
-606
-587
-599
-597
-600
-593
-606
-612
-628
-615
-586
-603
-632
-632
-660
-646
-474
-470
-481
-468
-470
-485
-492
-513
-487
-483
-491
-502
-499
-492
-501
-491
-497
-501
-499
-509
-509
-493
-494
-493
-484
-471
-484
-485
-484
-475
-484
-503
-479
-481
-470
-491
-485
-495
-472
-474
-498
-512
-529
-542
-566
-558
-543
-555
-461
-449
-433
-429
-452
-454
-432
-412
-421
-422
-406
-412
-403
-369
-354
-377
-375
-373
-367
-353
-353
-343
-362
-383
-385
-361
-368
-394
-405
-412
-418
-403
-407
-415
-431
-459
-463
-445
-438
-459
-463
-472
-481
-457
-455
-452
-455
-461
-445
-445
-441
-436
-431
-448
-462
-452
-438
-433
-433
-431
-430
-419
-401
-390
-379
-395
-414
-396
-463
-449
-426
-426
-442
-429
-426
-414
-410
-413
-380
-348
-345
-343
-335
-327
-310
-299
-295
-283
-294
-289
-273
-269
-274
-288
-287
-303
-325
-315
-310
-331
-351
-377
-375
-380
-390
-384
-405
-431
-425
-423
-423
-424
-439
-468
-469
-458
-460
-456
-444
-452
-449
-421
-417
-407
-406
-415
-433
-421
-377
-366
-366
-352
-366
-379
-364
-343
-331
-343
-347
-342
-332
-299
-304
-315
-317
-293
-285
-285
-273
-271
-273
-280
-272
-266
-255
-247
-259
-271
-274
-272
-265
-257
-268
-281
-290
-319
-318
-332
-343
-303
-308
-341
-336
-335
-336
-332
-341
-339
-343
-339
-338
-347
-350
-355
-350
-347
-345
-332
-343
-335
-325
-303
-321
-358
-349
-345
-341
-336
-352
-350
-313
-311
-316
-323
-324
-333
-318
-321
-303
-294
-300
-274
-231
-214
-221
-224
-231
-231
-217
-358
-352
-369
-357
-322
-302
-304
-312
-320
-321
-319
-310
-303
-310
-304
-309
-291
-280
-290
-294
-287
-280
-278
-282
-290
-302
-310
-292
-283
-275
-263
-285
-293
-281
-269
-289
-275
-290
-312
-310
-308
-327
-337
-355
-367
-273
-266
-242
-238
-263
-296
-313
-316
-282
-285
-285
-296
-297
-271
-263
-272
-266
-268
-278
-276
-271
-256
-253
-261
-276
-273
-278
-266
-264
-257
-259
-265
-271
-273
-308
-303
-308
-292
-295
-343
-327
-351
-340
-301
-307
-316
-370
-337
-298
-256
-281
-266
-318
-339
-314
-296
-254
-286
-263
-285
-252
-241
-238
-241
-236
-238
-242
-226
-220
-221
-183
-168
-190
-202
-198
-185
-191
-191
-179
-198
-198
-203
-212
-228
-210
-234
-230
-207
-225
-254
-242
-242
-261
-255
-241
-249
-262
-252
-271
-255
-268
-286
-258
-242
-271
-284
-268
-261
-213
-245
-264
-246
-251
-217
-222
-267
-249
-251
-271
-229
-225
-229
-189
-197
-224
-229
-204
-206
-212
-217
-194
-194
-211
-184
-196
-181
-201
-206
-224
-216
-211
-213
-203
-182
-175
-188
-190
-217
-151
-197
-161
-159
-182
-173
-183
-185
-159
-134
-153
-168
-127
-139
-147
-165
-130
-160
-173
-145
-158
-149
-183
-209
-184
-184
-192
-199
-210
-208
-232
-218
-228
-218
-230
-213
-209
-217
-234
-201
-198
-220
-208
-202
-197
-208
-203
-185
-173
-205
-194
-176
-169
-204
-175
-147
-143
-186
-195
-200
-193
-195
-190
-192
-179
-187
-186
-166
-158
-172
-162
-151
-157
-145
-112
-139
-124
-106
-112
-128
-122
-124
-123
-157
-133
-138
-182
-175
-179
-198
-180
-181
-177
-181
-200
-200
-188
-171
-192
-180
-183
-199
-188
-187
-176
-177
-204
-208
-213
-214
-200
-204
-212
-210
-211
-220
-213
-214
-202
-201
-217
-214
-206
-218
-199
-208
-218
-210
-210
-205
-205
-187
-180
-189
-190
-162
-158
-162
-161
-166
-173
-169
-169
-170
-176
-174
-161
-151
-144
-156
-174
-190
-173
-181
-179
-171
-159
-164
-152
-149
-163
-173
-176
-175
-170
-176
-186
-179
-184
-156
-148
-144
-135
-141
-142
-147
-133
-119
-105
-107
-103
-111
-137
-129
-129
-106
-108
-109
-116
-130
-136
-136
-132
-150
-167
-159
-163
-164
-183
-186
-184
-183
-173
-206
-204
-215
-213
-205
-198
-207
-214
-215
-196
-210
-224
-220
-162
-176
-184
-183
-193
-192
-192
-205
-227
-215
-205
-195
-188
-189
-185
-189
-194
-195
-175
-161
-150
-131
-116
-118
-115
-110
-101
-98
-99
-92
-84
-92
-107
-117
-121
-127
-130
-137
-143
-163
-167
-172
-182
-188
-186
-180
-194
-183
-180
-178
-177
-197
-209
-215
-231
-247
-241
-253
-272
-283
-284
-295
-301
-311
-313
-310
-307
-294
-287
-289
-296
-293
-270
-257
-245
-232
-219
-207
-201
-203
-204
-196
-180
-172
-175
-173
-177
-156
-152
-161
-172
-171
-155
-163
-179
-165
-147
-141
-196
-183
-173
-162
-179
-165
-204
-174
-192
-228
-220
-200
-204
-228
-201
-226
-214
-220
-202
-190
-192
-185
-182
-166
-191
-179
-200
-156
-138
-179
-205
-178
-165
-160
-139
-145
-189
-203
-217
-236
-250
-221
-235
-242
-240
-239
-239
-252
-225
-220
-141
-166
-179
-190
-194
-190
-213
-224
-232
-218
-206
